Time = 500
Temperature
   1.0374284   0.045011804

Pressure
   23.288923     0.1005378

CM Mom
6.9404039e-18  1.2519551e-17 
-2.3104938e-17 1.9930599e-17 
4.2489366e-17  3.2505208e-17 
6.1556041e-17  1.4448664e-17 

CM Pos
7.4939         0.025810907   
7.500619       0.024744999   
7.5079038      0.025997859   
12.991851      0.014598751   

Stress
20.1907      -0.0264578   0.0544626     0.126032     0.0672014    0.0824083   
-0.0264578   20.1995      -0.0795165    0.0672014    0.0926584    0.0148738   
0.0544626    -0.0795165   20.1536       0.0824083    0.0148738    0.108297    

Stress Spherical
0            0            0             0            0            0           
0            0            0             0            0            0           
0            0            0             0            0            0           

Inertia
149.918      -56.1542     -56.3004      0.220755     0.335958     0.113925    
-56.1542     149.822      -56.2959      0.335958     0.296        0.0560913   
-56.3004     -56.2959     149.695       0.113925     0.0560913    0.701205    

Bond Length
0.61465868    0.003615823 

BB bond length
0.61465868    0.003615823 

Water EE distance
0             0           

PEG EE distance
3.5720136     0.32767287  

Time = 1000
Temperature
1.011694      0.0073048021

Pressure
23.167385     0.023741542 

CM Mom
2.057811e-17   2.1927442e-17 
-2.6833684e-17 1.060614e-17  
3.5295429e-17  1.1045863e-17 
5.4483717e-17  1.1666665e-17 

CM Pos
7.4802502      0.015713      
7.4934973      0.017429288   
7.5061233      0.01496679    
12.978788      0.019123596   

Stress
20.2246      0.0120915    0.00678322    0.0396215    0.0657287    0.0805886   
0.0120915    20.1138      -0.00945247   0.0657287    0.0800558    0.0481463   
0.00678322   -0.00945247  20.072        0.0805886    0.0481463    0.047432    

Stress Spherical
0            0            0             0            0            0           
0            0            0             0            0            0           
0            0            0             0            0            0           

Inertia
149.854      -56.0917     -56.1202      0.373378     0.230358     0.150366    
-56.0917     149.679      -56.1905      0.230358     0.24943      0.26197     
-56.1202     -56.1905     149.461       0.150366     0.26197      0.351879    

Bond Length
0.61582747    0.0061070756

BB bond length
0.61582747    0.0061070756

Water EE distance
0             0           

PEG EE distance
3.5847457     0.16554982  

