Time = 500
Temperature
   1.0350211   0.042988993

Pressure
   23.572886    0.23416346

CM Mom
4.418987e-17   1.3939094e-17 
-9.866334e-18  2.9019283e-17 
1.0635507e-16  1.9988275e-17 
1.209017e-16   1.3424501e-17 

CM Pos
7.510713       0.0095837386  
7.4938906      0.013961935   
7.4980021      0.011741375   
12.9919        0.013700875   

Stress
20.4716      -0.0261256   -0.00496007   0.110259     0.0297668    0.106849    
-0.0261256   20.4698      0.041239      0.0297668    0.130695     0.0656209   
-0.00496007  0.041239     20.463        0.106849     0.0656209    0.147337    

Stress Spherical
0            0            0             0            0            0           
0            0            0             0            0            0           
0            0            0             0            0            0           

Inertia
149.828      -56.2923     -56.3393      0.227357     0.143644     0.138889    
-56.2923     150.053      -56.1784      0.143644     0.216703     0.180078    
-56.3393     -56.1784     150.038       0.138889     0.180078     0.208443    

Bond Length
0.61173293    0.01103858  

BB bond length
0.61173293    0.01103858  

Water EE distance
0             0           

PEG EE distance
4.2929239     0.17954067  

Time = 1000
Temperature
1.0097713     0.0057412218

Pressure
23.510503     0.065960459 

CM Mom
2.8501829e-17  1.3799571e-17 
5.5390522e-18  7.5793555e-18 
1.2179116e-16  1.7139704e-17 
1.2663839e-16  1.3434407e-17 

CM Pos
7.5083424      0.016257448   
7.4944832      0.0093987069  
7.5057065      0.01279358    
12.995323      0.014364411   

Stress
20.4949      -0.00351697  -0.0162165    0.0665256    0.0696572    0.0288026   
-0.00351697  20.4751      -0.0015336    0.0696572    0.107941     0.0287395   
-0.0162165   -0.0015336   20.4745       0.0288026    0.0287395    0.0675843   

Stress Spherical
0            0            0             0            0            0           
0            0            0             0            0            0           
0            0            0             0            0            0           

Inertia
149.937      -56.2424     -56.3466      0.294615     0.196115     0.175745    
-56.2424     150.083      -56.2541      0.196115     0.333052     0.156504    
-56.3466     -56.2541     149.993       0.175745     0.156504     0.241155    

Bond Length
0.61594308    0.0081012424

BB bond length
0.61594308    0.0081012424

Water EE distance
0             0           

PEG EE distance
4.1243649     0.14208728  

