Time = 500
Temperature
   1.0311088   0.040348849

Pressure
   22.922572    0.18433072

CM Mom
1.1978375e-18  3.7961412e-17 
-1.8473158e-17 1.2855699e-17 
-3.1590083e-18 2.9991342e-17 
4.971354e-17   1.967369e-17  

CM Pos
7.4946868      0.014289867   
7.5014881      0.012774357   
7.4848824      0.01308074    
12.979465      0.01168754    

Stress
19.8046      0.0239365    0.0401551     0.0750254    0.0682287    0.0639953   
0.0239365    19.8232      -0.00202024   0.0682287    0.231614     0.0853237   
0.0401551    -0.00202024  19.8719       0.0639953    0.0853237    0.0813475   

Stress Spherical
0            0            0             0            0            0           
0            0            0             0            0            0           
0            0            0             0            0            0           

Inertia
149.462      -56.2266     -56.0475      0.612773     0.110943     0.10968     
-56.2266     149.308      -56.1675      0.110943     0.294469     0.189821    
-56.0475     -56.1675     149.594       0.10968      0.189821     0.382298    

Bond Length
0.61895279    0.0033106241

BB bond length
0.61895279    0.0033106241

Water EE distance
0             0           

PEG EE distance
3.4578045     0.25777379  

Time = 1000
Temperature
1.0065964     0.0082996839

Pressure
22.938271     0.065590857 

CM Mom
-2.8686617e-17 1.6290197e-17 
-1.0549424e-17 1.6340037e-17 
-7.5700643e-18 1.4616517e-17 
3.7489516e-17  1.8222632e-17 

CM Pos
7.4994336      0.018177382   
7.5044549      0.0075288237  
7.4881459      0.017440987   
12.985803      0.016824182   

Stress
19.9519      0.0224451    0.0321815     0.0600519    0.065155     0.0589685   
0.0224451    19.9129      0.0153881     0.065155     0.0862105    0.0602793   
0.0321815    0.0153881    19.9022       0.0589685    0.0602793    0.101551    

Stress Spherical
0            0            0             0            0            0           
0            0            0             0            0            0           
0            0            0             0            0            0           

Inertia
149.559      -56.2541     -56.1306      0.386511     0.23158      0.149842    
-56.2541     149.398      -56.1719      0.23158      0.334293     0.150619    
-56.1306     -56.1719     149.717       0.149842     0.150619     0.396102    

Bond Length
0.61079543    0.0033391685

BB bond length
0.61079543    0.0033391685

Water EE distance
0             0           

PEG EE distance
3.6716894     0.14712914  

