Time = 1000
Temperature
   1.0774747    0.10588987

Pressure
   23.665002    0.54597301

CM Mom
3.1029768e-17  1.9387871e-17 
7.6589911e-18  4.1380268e-17 
-1.2989192e-16 2.0013555e-16 
1.9867801e-16  1.4339778e-16 

CM Pos
7.4958761      0.024643004   
7.4959132      0.044618421   
7.5053335      0.01968439    
12.988779      0.038889798   

Stress
20.3861      -0.0282444   -0.00902029   0.251552     0.0719509    0.0671136   
-0.0282444   20.4237      -0.0167667    0.0719509    0.258468     0.0918278   
-0.00902029  -0.0167667   20.4985       0.0671136    0.0918278    0.242686    

Stress Spherical
0            0            0             0            0            0           
0            0            0             0            0            0           
0            0            0             0            0            0           

Inertia
150.093      -56.157      -56.2131      0.622221     0.460091     0.232584    
-56.157      150.081      -56.2638      0.460091     0.734166     0.33403     
-56.2131     -56.2638     149.934       0.232584     0.33403      0.217282    

Bond Length
0.61873498    0.0054823382

BB bond length
0.61873498    0.0054823382

Water EE distance
0             0           

PEG EE distance
7.0472934     0.27617428  

BBB P2(x)
0.47231928    0.055702664 

BBB first bond length
0.61872233    0.0056113758

BBB second bond length
0.61860218    0.0054273223

BBB <phi**2>/<phi>**2
1.2183647     0.013866492 

Time = 2000
Temperature
1.0092566     0.0089323406

Pressure
23.315091     0.066546651 

CM Mom
3.7828223e-17  2.0947484e-17 
2.2663646e-17  2.8655917e-17 
-2.9008611e-17 1.823242e-17  
6.466284e-17   1.4043211e-17 

CM Pos
7.5047747      0.011439059   
7.5051083      0.018445882   
7.5034055      0.013089081   
12.998069      0.015553378   

Stress
20.2731      0.0056143    0.010421      0.098141     0.0745234    0.0683171   
0.0056143    20.2876      0.0251        0.0745234    0.128467     0.0817919   
0.010421     0.0251       20.3111       0.0683171    0.0817919    0.100349    

Stress Spherical
0            0            0             0            0            0           
0            0            0             0            0            0           
0            0            0             0            0            0           

Inertia
150.021      -56.3024     -56.3245      0.274763     0.240246     0.128471    
-56.3024     150.018      -56.282       0.240246     0.300703     0.153907    
-56.3245     -56.282      150.043       0.128471     0.153907     0.242694    

Bond Length
0.61987805    0.002601334 

BB bond length
0.61987805    0.002601334 

Water EE distance
0             0           

PEG EE distance
7.2042185     0.12060895  

BBB P2(x)
0.51600286    0.010537665 

BBB first bond length
0.62002887    0.0025876698

BBB second bond length
0.61990469    0.0028023466

BBB <phi**2>/<phi>**2
1.2275143     0.01034861  

Time = 3000
Temperature
1.0139263     0.0085786874

Pressure
23.330388     0.081463569 

CM Mom
-1.2097029e-17 3.6305291e-17 
1.367924e-17   1.5008718e-17 
-2.5499783e-18 2.7901338e-17 
4.7605167e-17  1.9887951e-17 

CM Pos
7.504923       0.0088440092  
7.496803       0.011299765   
7.5042954      0.014700584   
12.993872      0.0098480062  

Stress
20.2882      0.00591434   0.0219883     0.128175     0.0580152    0.0889171   
0.00591434   20.2734      -0.0147819    0.0580152    0.11429      0.0787009   
0.0219883    -0.0147819   20.3142       0.0889171    0.0787009    0.116794    

Stress Spherical
0            0            0             0            0            0           
0            0            0             0            0            0           
0            0            0             0            0            0           

Inertia
149.971      -56.2486     -56.3602      0.246859     0.130181     0.151535    
-56.2486     150.059      -56.2589      0.130181     0.223669     0.175746    
-56.3602     -56.2589     149.964       0.151535     0.175746     0.291227    

Bond Length
0.61932543    0.0019148125

BB bond length
0.61932543    0.0019148125

Water EE distance
0             0           

PEG EE distance
7.1223426     0.12140795  

BBB P2(x)
0.51155562    0.015266839 

BBB first bond length
0.61954323    0.0017723053

BBB second bond length
0.61962314    0.0019934141

BBB <phi**2>/<phi>**2
1.2266685     0.011159322 

Time = 4000
Temperature
1.010112      0.0080975565

Pressure
23.297652     0.07890201  

CM Mom
-1.8366183e-17 1.0600201e-17 
3.2847574e-17  1.7082247e-17 
-2.8863713e-17 1.6130945e-17 
5.1224957e-17  1.7022699e-17 

CM Pos
7.5000288      0.010683416   
7.4984344      0.010942772   
7.4968799      0.0080210504  
12.9877        0.010706624   

Stress
20.2784      0.0139475    0.0497019     0.121308     0.0620894    0.0888367   
0.0139475    20.2371      0.0184537     0.0620894    0.096563     0.075093    
0.0497019    0.0184537    20.2964       0.0888367    0.075093     0.116556    

Stress Spherical
0            0            0             0            0            0           
0            0            0             0            0            0           
0            0            0             0            0            0           

Inertia
149.892      -56.2478     -56.2107      0.179718     0.158885     0.138279    
-56.2478     149.897      -56.2369      0.158885     0.201895     0.0726862   
-56.2107     -56.2369     149.92        0.138279     0.0726862    0.259764    

Bond Length
0.61982463    0.0018163442

BB bond length
0.61982463    0.0018163442

Water EE distance
0             0           

PEG EE distance
7.0850309     0.19092439  

BBB P2(x)
0.51460964    0.010673502 

BBB first bond length
0.61992608    0.001579981 

BBB second bond length
0.61975217    0.0019054359

BBB <phi**2>/<phi>**2
1.2285862     0.011892834 

Time = 5000
Temperature
1.0086285     0.0086968621

Pressure
23.320283     0.06409187  

CM Mom
-5.7418146e-17 2.4364393e-17 
5.558607e-17   1.3472105e-17 
-5.7658956e-17 2.2341191e-17 
1.0416147e-16  1.1655409e-17 

CM Pos
7.50255        0.013756834   
7.5040702      0.011625025   
7.5020707      0.0077348654  
12.995409      0.010856743   

Stress
20.3016      -0.00704831  0.0101819     0.083184     0.0892275    0.0611798   
-0.00704831  20.2791      0.0302546     0.0892275    0.13482      0.0802284   
0.0101819    0.0302546    20.3123       0.0611798    0.0802284    0.118644    

Stress Spherical
0            0            0             0            0            0           
0            0            0             0            0            0           
0            0            0             0            0            0           

Inertia
150.045      -56.2981     -56.257       0.163362     0.103829     0.131535    
-56.2981     150.013      -56.2643      0.103829     0.272574     0.114276    
-56.257      -56.2643     150.045       0.131535     0.114276     0.329518    

Bond Length
0.61911918    0.0016071515

BB bond length
0.61911918    0.0016071515

Water EE distance
0             0           

PEG EE distance
6.8545126     0.21344008  

BBB P2(x)
0.51629856    0.0095029542

BBB first bond length
0.61910038    0.001666383 

BBB second bond length
0.61938562    0.0017988448

BBB <phi**2>/<phi>**2
1.224846      0.0067077903

Time = 6000
Temperature
1.0104923     0.0062830863

Pressure
23.330692     0.075522635 

CM Mom
-1.693875e-17  1.6212304e-17 
5.5683766e-17  2.163164e-17  
-4.4407069e-17 2.3805307e-17 
7.9694249e-17  1.7489331e-17 

CM Pos
7.4976558      0.0162336     
7.4911673      0.015370595   
7.5050369      0.0085454975  
12.986854      0.014647313   

Stress
20.3319      -0.0565946   -0.0242806    0.116032     0.0715744    0.0683168   
-0.0565946   20.2856      -0.0148758    0.0715744    0.152933     0.0764246   
-0.0242806   -0.0148758   20.29         0.0683168    0.0764246    0.0753772   

Stress Spherical
0            0            0             0            0            0           
0            0            0             0            0            0           
0            0            0             0            0            0           

Inertia
149.892      -56.1521     -56.2451      0.324312     0.160657     0.128749    
-56.1521     149.996      -56.2174      0.160657     0.311646     0.163024    
-56.2451     -56.2174     149.797       0.128749     0.163024     0.396591    

Bond Length
0.61970383    0.0026290198

BB bond length
0.61970383    0.0026290198

Water EE distance
0             0           

PEG EE distance
7.1699819     0.1298487   

BBB P2(x)
0.51414518    0.010602388 

BBB first bond length
0.61969054    0.0027457151

BBB second bond length
0.6195396     0.0025949734

BBB <phi**2>/<phi>**2
1.2251924     0.006534032 

Time = 7000
Temperature
1.0090356     0.0066744847

Pressure
23.333942     0.076966375 

CM Mom
-1.5919938e-17 1.9526496e-17 
4.2860053e-17  1.9861794e-17 
-4.5348011e-17 1.2609362e-17 
6.9941088e-17  1.3779909e-17 

CM Pos
7.496766       0.011315327   
7.5014006      0.0079646361  
7.5044437      0.0088290742  
12.991895      0.010791717   

Stress
20.322       -0.00581942  0.0360343     0.0894962    0.053654     0.0519486   
-0.00581942  20.3312      -0.0049015    0.053654     0.160129     0.0663252   
0.0360343    -0.0049015   20.2772       0.0519486    0.0663252    0.121242    

Stress Spherical
0            0            0             0            0            0           
0            0            0             0            0            0           
0            0            0             0            0            0           

Inertia
150.051      -56.2304     -56.2094      0.151129     0.095913     0.12901     
-56.2304     149.979      -56.3155      0.095913     0.200417     0.0896049   
-56.2094     -56.3155     149.936       0.12901      0.0896049    0.267612    

Bond Length
0.61829851    0.0023587871

BB bond length
0.61829851    0.0023587871

Water EE distance
0             0           

PEG EE distance
7.2296046     0.10667513  

BBB P2(x)
0.52429274    0.012394457 

BBB first bond length
0.61828959    0.0022150159

BBB second bond length
0.61836915    0.0024224424

BBB <phi**2>/<phi>**2
1.2275143     0.0060528894

Time = 8000
Temperature
1.009249      0.0075637676

Pressure
23.321097     0.10004271  

CM Mom
-2.7497614e-17 2.6691806e-17 
6.7419649e-17  3.3627642e-17 
-5.1967472e-17 1.9935475e-17 
9.6335781e-17  3.102027e-17  

CM Pos
7.4972109      0.010653521   
7.501104       0.01486352    
7.500736       0.011629755   
12.989847      0.010638455   

Stress
20.3235      0.0064016    0.0219395     0.106743     0.0898935    0.0214603   
0.0064016    20.2536      -0.0384906    0.0898935    0.160452     0.0830958   
0.0219395    -0.0384906   20.3129       0.0214603    0.0830958    0.0689785   

Stress Spherical
0            0            0             0            0            0           
0            0            0             0            0            0           
0            0            0             0            0            0           

Inertia
149.986      -56.261      -56.1803      0.174539     0.122103     0.109081    
-56.261      149.939      -56.2248      0.122103     0.297029     0.107253    
-56.1803     -56.2248     149.928       0.109081     0.107253     0.208887    

Bond Length
0.61921715    0.0017445236

BB bond length
0.61921715    0.0017445236

Water EE distance
0             0           

PEG EE distance
7.1949621     0.16326962  

BBB P2(x)
0.51666294    0.01078048  

BBB first bond length
0.6190808     0.0017489307

BBB second bond length
0.61904453    0.0015291311

BBB <phi**2>/<phi>**2
1.2237544     0.0092197067

Time = 9000
Temperature
1.0099183     0.0054997411

Pressure
23.323783     0.092171829 

CM Mom
-4.1194554e-17 2.0426829e-17 
5.0679584e-17  2.1991864e-17 
-1.8393214e-17 1.9036607e-17 
7.3837346e-17  2.0372974e-17 

CM Pos
7.5069993      0.010236564   
7.4930953      0.010918625   
7.4934688      0.016243759   
12.986685      0.0090953759  

Stress
20.3297      0.0417171    0.0181854     0.11851      0.0822912    0.075182    
0.0417171    20.3241      -0.00794384   0.0822912    0.106152     0.0565802   
0.0181854    -0.00794384  20.2382       0.075182     0.0565802    0.13762     

Stress Spherical
0            0            0             0            0            0           
0            0            0             0            0            0           
0            0            0             0            0            0           

Inertia
149.798      -56.2313     -56.271       0.272564     0.14691      0.11043     
-56.2313     150.008      -56.133       0.14691      0.277695     0.127008    
-56.271      -56.133      149.99        0.11043      0.127008     0.219702    

Bond Length
0.61898756    0.0014684084

BB bond length
0.61898756    0.0014684084

Water EE distance
0             0           

PEG EE distance
7.1105542     0.126649    

BBB P2(x)
0.51028625    0.010205479 

BBB first bond length
0.61909929    0.0016273162

BBB second bond length
0.61895374    0.0015607321

BBB <phi**2>/<phi>**2
1.2267555     0.0056167823

Time = 10000
Temperature
1.006724      0.010462113 

Pressure
23.299432     0.11269291  

CM Mom
-2.7532466e-17 2.0157728e-17 
5.9520946e-17  3.1374285e-17 
-1.028279e-17  1.9237319e-17 
7.668256e-17   1.6942687e-17 

CM Pos
7.5034399      0.019928705   
7.5003624      0.014293968   
7.5016258      0.014023659   
12.993538      0.014585691   

Stress
20.2779      0.000461178  -0.0573204    0.178309     0.0726855    0.0491584   
0.000461178  20.3041      -0.0151364    0.0726855    0.12229      0.0430554   
-0.0573204   -0.0151364   20.2657       0.0491584    0.0430554    0.152982    

Stress Spherical
0            0            0             0            0            0           
0            0            0             0            0            0           
0            0            0             0            0            0           

Inertia
150.023      -56.3005     -56.32        0.423637     0.163064     0.153761    
-56.3005     150.063      -56.2718      0.163064     0.259529     0.195437    
-56.32       -56.2718     150.049       0.153761     0.195437     0.321485    

Bond Length
0.61838863    0.0033842504

BB bond length
0.61838863    0.0033842504

Water EE distance
0             0           

PEG EE distance
7.3032026     0.313892    

BBB P2(x)
0.50954918    0.0090414516

BBB first bond length
0.61811926    0.0032849451

BBB second bond length
0.61854687    0.0035722261

BBB <phi**2>/<phi>**2
1.2256105     0.011257307 

Time = 11000
Temperature
1.0130213     0.0090062522

Pressure
23.327885     0.078114001 

CM Mom
-2.2178939e-17 9.870037e-18  
5.4692929e-17  1.5316946e-17 
5.3002886e-18  2.3296866e-17 
6.4798448e-17  1.3683804e-17 

CM Pos
7.5003254      0.015715885   
7.4990277      0.014440176   
7.4996978      0.014412732   
12.989854      0.010707253   

Stress
20.323       0.00874347   0.00150379    0.106761     0.0502588    0.062256    
0.00874347   20.2622      0.0180647     0.0502588    0.0889311    0.0688471   
0.00150379   0.0180647    20.2911       0.062256     0.0688471    0.145001    

Stress Spherical
0            0            0             0            0            0           
0            0            0             0            0            0           
0            0            0             0            0            0           

Inertia
149.976      -56.2529     -56.2457      0.235079     0.151731     0.111878    
-56.2529     149.991      -56.2066      0.151731     0.30948      0.135165    
-56.2457     -56.2066     149.984       0.111878     0.135165     0.311431    

Bond Length
0.61941447    0.0012306783

BB bond length
0.61941447    0.0012306783

Water EE distance
0             0           

PEG EE distance
7.490135      0.19421707  

BBB P2(x)
0.50156845    0.010204354 

BBB first bond length
0.61926554    0.0013078826

BBB second bond length
0.61930319    0.0012000609

BBB <phi**2>/<phi>**2
1.2207807     0.012234805 

Time = 12000
Temperature
1.0118197     0.0070354226

Pressure
23.30941      0.087088458 

CM Mom
-1.5240594e-17 1.1743812e-17 
4.8700552e-17  2.3590219e-17 
-3.4152476e-18 2.4502383e-17 
5.8883479e-17  2.1052353e-17 

CM Pos
7.5069993      0.009195175   
7.5012523      0.012448265   
7.4991046      0.015427016   
12.994638      0.01609466    

Stress
20.2361      0.0536088    0.0113944     0.125182     0.0646629    0.0538399   
0.0536088    20.3434      -0.0334547    0.0646629    0.1425       0.0683727   
0.0113944    -0.0334547   20.2522       0.0538399    0.0683727    0.0776664   

Stress Spherical
0            0            0             0            0            0           
0            0            0             0            0            0           
0            0            0             0            0            0           

Inertia
150.003      -56.3119     -56.2567      0.355089     0.151018     0.157031    
-56.3119     150.089      -56.2526      0.151018     0.296266     0.154232    
-56.2567     -56.2526     150.109       0.157031     0.154232     0.298458    

Bond Length
0.61970916    0.0023912698

BB bond length
0.61970916    0.0023912698

Water EE distance
0             0           

PEG EE distance
6.896275      0.24937494  

BBB P2(x)
0.51507769    0.0089457319

BBB first bond length
0.61999346    0.0023709935

BBB second bond length
0.61976273    0.0024852244

BBB <phi**2>/<phi>**2
1.2277574     0.0084949424

Time = 13000
Temperature
1.013624      0.008343848 

Pressure
23.330186     0.10706772  

CM Mom
-4.3569311e-17 1.8403358e-17 
4.007887e-17   2.2557775e-17 
-4.7320594e-17 1.7784754e-17 
8.0939584e-17  1.8880078e-17 

CM Pos
7.4923167      0.022541546   
7.4988794      0.017777946   
7.4949519      0.014314726   
12.982416      0.014524839   

Stress
20.318       0.0233207    -0.023299     0.164592     0.0852621    0.11206     
0.0233207    20.2734      -0.0171163    0.0852621    0.111724     0.0642638   
-0.023299    -0.0171163   20.2865       0.11206      0.0642638    0.120629    

Stress Spherical
0            0            0             0            0            0           
0            0            0             0            0            0           
0            0            0             0            0            0           

Inertia
149.905      -56.1446     -56.1638      0.221487     0.192883     0.237562    
-56.1446     149.798      -56.1778      0.192883     0.40529      0.12029     
-56.1638     -56.1778     149.85        0.237562     0.12029      0.405921    

Bond Length
0.61849355    0.0039642635

BB bond length
0.61849355    0.0039642635

Water EE distance
0             0           

PEG EE distance
7.0488569     0.18528674  

BBB P2(x)
0.5023301     0.011756555 

BBB first bond length
0.61875096    0.003994408 

BBB second bond length
0.61819205    0.0040474755

BBB <phi**2>/<phi>**2
1.2259964     0.010408119 

Time = 14000
Temperature
1.0096383     0.0087709289

Pressure
23.290973     0.099458693 

CM Mom
-1.8077623e-17 4.2445318e-17 
2.5214653e-17  1.5296198e-17 
-9.3057195e-17 2.4886255e-17 
1.0592823e-16  3.2501322e-17 

CM Pos
7.4966177      0.013708784   
7.5055533      0.015948592   
7.5004393      0.013998542   
12.991897      0.021269185   

Stress
20.2971      -0.00846865  -0.0101017    0.160062     0.0556094    0.0957453   
-0.00846865  20.2648      0.0155718     0.0556094    0.115093     0.0479244   
-0.0101017   0.0155718    20.2341       0.0957453    0.0479244    0.120172    

Stress Spherical
0            0            0             0            0            0           
0            0            0             0            0            0           
0            0            0             0            0            0           

Inertia
150.08       -56.2409     -56.2731      0.48931      0.21835      0.206635    
-56.2409     149.928      -56.2749      0.21835      0.382246     0.248923    
-56.2731     -56.2749     150.015       0.206635     0.248923     0.38536     

Bond Length
0.62042714    0.0026555642

BB bond length
0.62042714    0.0026555642

Water EE distance
0             0           

PEG EE distance
7.0197651     0.22339291  

BBB P2(x)
0.5115583     0.0086803717

BBB first bond length
0.62042503    0.0029128537

BBB second bond length
0.62037607    0.002710594 

BBB <phi**2>/<phi>**2
1.2224317     0.00699839  

Time = 15000
Temperature
1.0111632     0.0075304489

Pressure
23.352635     0.10122165  

CM Mom
3.0421362e-17  1.7207571e-17 
1.1659318e-17  1.9577144e-17 
-1.1027723e-16 3.2771969e-17 
1.1819301e-16  3.1721404e-17 

CM Pos
7.4995839      0.012864494   
7.4982861      0.013102518   
7.5004393      0.012345355   
12.989417      0.01286476    

Stress
20.331       0.00745031   -0.00288869   0.102248     0.0609875    0.0723279   
0.00745031   20.3434      0.0127879     0.0609875    0.139473     0.0516889   
-0.00288869  0.0127879    20.2929       0.0723279    0.0516889    0.105921    

Stress Spherical
0            0            0             0            0            0           
0            0            0             0            0            0           
0            0            0             0            0            0           

Inertia
149.978      -56.217      -56.3148      0.310812     0.178347     0.11756     
-56.217      149.994      -56.2438      0.178347     0.311209     0.169722    
-56.3148     -56.2438     149.979       0.11756      0.169722     0.365164    

Bond Length
0.61853077    0.0022354028

BB bond length
0.61853077    0.0022354028

Water EE distance
0             0           

PEG EE distance
6.6038736     0.09591937  

BBB P2(x)
0.51332662    0.011482459 

BBB first bond length
0.61810814    0.0023111901

BBB second bond length
0.61853752    0.0024911994

BBB <phi**2>/<phi>**2
1.2246553     0.0084187528

Time = 16000
Temperature
1.0119896     0.0087688495

Pressure
23.350628     0.072000694 

CM Mom
3.9119609e-17  1.3947879e-17 
2.0359211e-17  1.7020811e-17 
-1.0811969e-16 1.3971704e-17 
1.1854382e-16  1.6171866e-17 

CM Pos
7.5089273      0.010579972   
7.4962098      0.018729882   
7.4968799      0.016531662   
12.991566      0.017252944   

Stress
20.3347      0.004451     -0.0308293    0.0973884    0.0606485    0.0744273   
0.004451     20.35        -0.00871727   0.0606485    0.102704     0.0729147   
-0.0308293   -0.00871727  20.2692       0.0744273    0.0729147    0.0880077   

Stress Spherical
0            0            0             0            0            0           
0            0            0             0            0            0           
0            0            0             0            0            0           

Inertia
149.877      -56.2759     -56.3243      0.459027     0.120583     0.173348    
-56.2759     150.061      -56.1797      0.120583     0.322297     0.232381    
-56.3243     -56.1797     150.065       0.173348     0.232381     0.298965    

Bond Length
0.61851624    0.0031123161

BB bond length
0.61851624    0.0031123161

Water EE distance
0             0           

PEG EE distance
6.7804096     0.1344007   

BBB P2(x)
0.51614885    0.010770071 

BBB first bond length
0.61854459    0.0032070091

BBB second bond length
0.61878595    0.0031446791

BBB <phi**2>/<phi>**2
1.2317673     0.0079193008

Time = 17000
Temperature
1.0083547     0.010223415 

Pressure
23.344652     0.090809246 

CM Mom
2.4016367e-17  1.9051239e-17 
1.923845e-17   6.4821158e-18 
-1.0370003e-16 2.4142393e-17 
1.1063082e-16  2.1195401e-17 

CM Pos
7.4985457      0.015102079   
7.4963581      0.014827961   
7.502219       0.010155666   
12.988728      0.018670413   

Stress
20.3092      -0.00347097  0.000275882   0.120082     0.097573     0.0472348   
-0.00347097  20.3282      -0.00303566   0.097573     0.103498     0.0573139   
0.000275882  -0.00303566  20.3313       0.0472348    0.0573139    0.13154     

Stress Spherical
0            0            0             0            0            0           
0            0            0             0            0            0           
0            0            0             0            0            0           

Inertia
149.952      -56.2527     -56.267       0.354088     0.252392     0.162476    
-56.2527     149.968      -56.2249      0.252392     0.267824     0.190025    
-56.267      -56.2249     149.899       0.162476     0.190025     0.427321    

Bond Length
0.61698188    0.0029151429

BB bond length
0.61698188    0.0029151429

Water EE distance
0             0           

PEG EE distance
7.290384      0.20723896  

BBB P2(x)
0.50454027    0.01191813  

BBB first bond length
0.61726717    0.0027885009

BBB second bond length
0.61686212    0.002937729 

BBB <phi**2>/<phi>**2
1.2245887     0.0079168365

Time = 18000
Temperature
1.0094812     0.0080291962

Pressure
23.303799     0.10797006  

CM Mom
2.9303071e-17  1.4841622e-17 
7.6856105e-18  1.9780154e-17 
-1.2134269e-16 1.158487e-17  
1.2760355e-16  1.0240008e-17 

CM Pos
7.494838       0.020097959   
7.4978412      0.017191086   
7.4974732      0.017058146   
12.984733      0.0050741783  

Stress
20.2719      0.0240367    -0.0162531    0.11588      0.0551925    0.0754044   
0.0240367    20.2604      0.00378777    0.0551925    0.154735     0.0481476   
-0.0162531   0.00378777   20.3037       0.0754044    0.0481476    0.11533     

Stress Spherical
0            0            0             0            0            0           
0            0            0             0            0            0           
0            0            0             0            0            0           

Inertia
149.928      -56.2248     -56.1889      0.352549     0.155119     0.122351    
-56.2248     149.859      -56.2202      0.155119     0.284317     0.166612    
-56.1889     -56.2202     149.881       0.122351     0.166612     0.305467    

Bond Length
0.61955904    0.0021430714

BB bond length
0.61955904    0.0021430714

Water EE distance
0             0           

PEG EE distance
8.0267196     0.21046127  

BBB P2(x)
0.51965437    0.0085997726

BBB first bond length
0.61977272    0.0024058269

BBB second bond length
0.6195407     0.0021922636

BBB <phi**2>/<phi>**2
1.2256222     0.0078254362

Time = 19000
Temperature
1.0126978     0.0084213855

Pressure
23.330476     0.086168193 

CM Mom
-1.0827529e-18 1.6676778e-17 
-2.734119e-18  4.3597686e-17 
-1.2259627e-16 1.910769e-17  
1.3060856e-16  2.2888302e-17 

CM Pos
7.4954312      0.0099223227  
7.5028837      0.017336333   
7.5060751      0.0085724813  
12.99293       0.012874835   

Stress
20.2826      0.0317171    0.0406785     0.0984729    0.0727174    0.0633946   
0.0317171    20.3381      0.0326439     0.0727174    0.0996672    0.0451022   
0.0406785    0.0326439    20.2664       0.0633946    0.0451022    0.088057    

Stress Spherical
0            0            0             0            0            0           
0            0            0             0            0            0           
0            0            0             0            0            0           

Inertia
150.121      -56.2354     -56.253       0.306083     0.17534      0.112946    
-56.2354     149.982      -56.3112      0.17534      0.228273     0.169193    
-56.253      -56.3112     149.977       0.112946     0.169193     0.248588    

Bond Length
0.61826061    0.0031410654

BB bond length
0.61826061    0.0031410654

Water EE distance
0             0           

PEG EE distance
7.7533482     0.17191842  

BBB P2(x)
0.51877229    0.00935243  

BBB first bond length
0.61820884    0.0032527893

BBB second bond length
0.61837216    0.0032226902

BBB <phi**2>/<phi>**2
1.2248118     0.0073109265

Time = 20000
Temperature
1.0112472     0.0049754557

Pressure
23.321657     0.064564315 

CM Mom
-1.6054682e-17 1.2728805e-17 
-6.1069401e-17 1.8074037e-17 
-1.2593839e-16 2.2319536e-17 
1.425619e-16   2.2597812e-17 

CM Pos
7.4954312      0.013161978   
7.4926504      0.018947054   
7.5034055      0.022623363   
12.985502      0.012926694   

Stress
20.2573      0.00207826   0.0171528     0.118666     0.0551697    0.0743316   
0.00207826   20.3084      0.0385986     0.0551697    0.141444     0.0492295   
0.0171528    0.0385986    20.3079       0.0743316    0.0492295    0.101185    

Stress Spherical
0            0            0             0            0            0           
0            0            0             0            0            0           
0            0            0             0            0            0           

Inertia
149.932      -56.1403     -56.187       0.463639     0.170814     0.118585    
-56.1403     149.958      -56.2057      0.170814     0.226207     0.24701     
-56.187      -56.2057     149.817       0.118585     0.24701      0.333165    

Bond Length
0.61808761    0.0026203176

BB bond length
0.61808761    0.0026203176

Water EE distance
0             0           

PEG EE distance
7.4027663     0.15536476  

BBB P2(x)
0.50928015    0.01124722  

BBB first bond length
0.61775838    0.0027729611

BBB second bond length
0.61834195    0.0025884377

BBB <phi**2>/<phi>**2
1.2310836     0.0079865964

Time = 21000
Temperature
1.0134366     0.0078028643

Pressure
23.32808      0.092121447 

CM Mom
-2.409746e-17  1.3516609e-17 
-6.6601307e-17 9.189667e-18  
-1.334131e-16  2.3517343e-17 
1.523426e-16   2.0674211e-17 

CM Pos
7.5024017      0.01686101    
7.5065914      0.019545902   
7.5038504      0.011349294   
12.99782       0.013545277   

Stress
20.3031      -0.0557741   0.0388848     0.114412     0.100174     0.0810019   
-0.0557741   20.3096      -0.0256746    0.100174     0.122837     0.080719    
0.0388848    -0.0256746   20.2605       0.0810019    0.080719     0.127843    

Stress Spherical
0            0            0             0            0            0           
0            0            0             0            0            0           
0            0            0             0            0            0           

Inertia
150.171      -56.355      -56.277       0.258312     0.201265     0.164622    
-56.355      150.088      -56.3216      0.201265     0.244209     0.152074    
-56.277      -56.3216     150.15        0.164622     0.152074     0.425443    

Bond Length
0.61857566    0.0020400789

BB bond length
0.61857566    0.0020400789

Water EE distance
0             0           

PEG EE distance
7.125675      0.12974398  

BBB P2(x)
0.51338109    0.012878782 

BBB first bond length
0.61857382    0.0020041864

BBB second bond length
0.61851292    0.0022171165

BBB <phi**2>/<phi>**2
1.2323078     0.0083448912

Time = 22000
Temperature
1.0130011     0.0041789118

Pressure
23.318006     0.055247571 

CM Mom
-2.8437253e-17 2.001321e-17  
-5.4555047e-17 3.3225022e-17 
-1.0249118e-16 2.5483227e-17 
1.2589729e-16  2.4353033e-17 

CM Pos
7.4957278      0.0054290108  
7.496803       0.013401284   
7.5019224      0.011458271   
12.987185      0.014055288   

Stress
20.256       -0.0124767   0.0163126     0.0544105    0.0658434    0.0498743   
-0.0124767   20.2797      0.00496517    0.0658434    0.0867115    0.0805383   
0.0163126    0.00496517   20.3113       0.0498743    0.0805383    0.0800118   

Stress Spherical
0            0            0             0            0            0           
0            0            0             0            0            0           
0            0            0             0            0            0           

Inertia
150.006      -56.1683     -56.2302      0.333962     0.15427      0.114204    
-56.1683     149.962      -56.2228      0.15427      0.216587     0.176469    
-56.2302     -56.2228     149.88        0.114204     0.176469     0.258063    

Bond Length
0.61836647    0.0021972164

BB bond length
0.61836647    0.0021972164

Water EE distance
0             0           

PEG EE distance
7.3987293     0.099674014 

BBB P2(x)
0.51137376    0.011073035 

BBB first bond length
0.61839164    0.0022336877

BBB second bond length
0.61847814    0.0021253533

BBB <phi**2>/<phi>**2
1.2243952     0.0086773753

Time = 23000
Temperature
1.0075302     0.0068656622

Pressure
23.336157     0.057245185 

CM Mom
-1.5956849e-17 2.8481232e-17 
-6.4534046e-17 1.5387107e-17 
-9.9366278e-17 2.2649525e-17 
1.244153e-16   1.9357152e-17 

CM Pos
7.4960244      0.011767946   
7.5031803      0.011212809   
7.4922823      0.014057341   
12.985482      0.01037256    

Stress
20.3049      -0.0284733   0.00802679    0.1216       0.077248     0.0697976   
-0.0284733   20.3251      0.0270639     0.077248     0.0907541    0.0708642   
0.00802679   0.0270639    20.3205       0.0697976    0.0708642    0.0628219   

Stress Spherical
0            0            0             0            0            0           
0            0            0             0            0            0           
0            0            0             0            0            0           

Inertia
149.954      -56.2212     -56.1621      0.20856      0.184271     0.136611    
-56.2212     149.811      -56.2282      0.184271     0.262624     0.118623    
-56.1621     -56.2282     149.99        0.136611     0.118623     0.25943     

Bond Length
0.61934846    0.001300313 

BB bond length
0.61934846    0.001300313 

Water EE distance
0             0           

PEG EE distance
7.2682733     0.17473993  

BBB P2(x)
0.51179153    0.0076681513

BBB first bond length
0.61933209    0.0012283099

BBB second bond length
0.61951286    0.0016899306

BBB <phi**2>/<phi>**2
1.2233296     0.0073575585

Time = 24000
Temperature
1.0129369     0.004978375 

Pressure
23.364857     0.070695891 

CM Mom
1.3851443e-17  1.0298999e-17 
-4.9124679e-17 1.771055e-17  
-7.946536e-17  1.469263e-17  
9.6870595e-17  1.3097107e-17 

CM Pos
7.5019568      0.011232408   
7.5016972      0.011251974   
7.5023674      0.01003255    
12.993868      0.0090689488  

Stress
20.292       -0.0323857   0.00495256    0.133954     0.0701926    0.0540669   
-0.0323857   20.364       0.0315147     0.0701926    0.135318     0.0791191   
0.00495256   0.0315147    20.3321       0.0540669    0.0791191    0.0993473   

Stress Spherical
0            0            0             0            0            0           
0            0            0             0            0            0           
0            0            0             0            0            0           

Inertia
150.066      -56.3099     -56.271       0.188867     0.140518     0.135743    
-56.3099     150.051      -56.2823      0.140518     0.198965     0.101152    
-56.271      -56.2823     150.039       0.135743     0.101152     0.249919    

Bond Length
0.61847706    0.0024718027

BB bond length
0.61847706    0.0024718027

Water EE distance
0             0           

PEG EE distance
6.9117579     0.21998531  

BBB P2(x)
0.50305087    0.011614295 

BBB first bond length
0.61829385    0.0024067751

BBB second bond length
0.61830966    0.0025811877

BBB <phi**2>/<phi>**2
1.2244324     0.011071285 

Time = 25000
Temperature
1.0131316     0.0061802808

Pressure
23.357884     0.097451478 

CM Mom
6.1960192e-18  1.8946851e-17 
-2.0722279e-17 1.4510034e-17 
-5.9126456e-17 1.1773386e-17 
6.7646342e-17  9.7903306e-18 

CM Pos
7.4952829      0.01226671    
7.4960615      0.011621241   
7.5004393      0.011648653   
12.985652      0.0072575408  

Stress
20.2713      0.018318     0.0298298     0.0882401    0.0597307    0.0779795   
0.018318     20.3766      -0.0132686    0.0597307    0.139167     0.0643021   
0.0298298    -0.0132686   20.3175       0.0779795    0.0643021    0.136783    

Stress Spherical
0            0            0             0            0            0           
0            0            0             0            0            0           
0            0            0             0            0            0           

Inertia
149.963      -56.1504     -56.2447      0.187851     0.104367     0.184044    
-56.1504     149.924      -56.2201      0.104367     0.324979     0.0829832   
-56.2447     -56.2201     149.863       0.184044     0.0829832    0.125867    

Bond Length
0.61944087    0.0021228982

BB bond length
0.61944087    0.0021228982

Water EE distance
0             0           

PEG EE distance
7.1078806     0.1277103   

BBB P2(x)
0.51666833    0.012254944 

BBB first bond length
0.61932945    0.0022868665

BBB second bond length
0.61956417    0.0021898889

BBB <phi**2>/<phi>**2
1.2269219     0.010717614 

Time = 26000
Temperature
1.0112683     0.0069707366

Pressure
23.305031     0.043130397 

CM Mom
-9.2040167e-18 1.7400774e-17 
-2.4127647e-18 1.1661954e-17 
-5.6199278e-17 2.1993032e-17 
6.0737858e-17  2.1961064e-17 

CM Pos
7.5019568      0.013078154   
7.5034769      0.017333795   
7.4915408      0.01172394    
12.988655      0.012412457   

Stress
20.2591      -0.0140661   0.0341266     0.0869116    0.06769      0.0600663   
-0.0140661   20.2778      0.049016      0.06769      0.102361     0.0850338   
0.0341266    0.049016     20.2867       0.0600663    0.0850338    0.0817357   

Stress Spherical
0            0            0             0            0            0           
0            0            0             0            0            0           
0            0            0             0            0            0           

Inertia
149.921      -56.2895     -56.15        0.232385     0.129716     0.158528    
-56.2895     149.884      -56.2407      0.129716     0.326059     0.151949    
-56.15       -56.2407     150.063       0.158528     0.151949     0.199045    

Bond Length
0.62089697    0.0018610048

BB bond length
0.62089697    0.0018610048

Water EE distance
0             0           

PEG EE distance
7.3388147     0.3905768   

BBB P2(x)
0.51397828    0.014108756 

BBB first bond length
0.62079025    0.0021079339

BBB second bond length
0.62100584    0.0017978458

BBB <phi**2>/<phi>**2
1.2265476     0.0078339294

Time = 27000
Temperature
1.0117577     0.0090091983

Pressure
23.334759     0.091519224 

CM Mom
-2.3875174e-17 8.6930341e-18 
-1.3974386e-17 1.5715793e-17 
-7.4649161e-17 1.6800539e-17 
8.1601276e-17  1.6847837e-17 

CM Pos
7.5021051      0.010675178   
7.4985827      0.012758908   
7.4949519      0.0051717211  
12.987874      0.0076027912  

Stress
20.2696      0.00590639   0.0130277     0.120341     0.0944132    0.0644925   
0.00590639   20.3361      -0.0067298    0.0944132    0.133726     0.0891767   
0.0130277    -0.0067298   20.3026       0.0644925    0.0891767    0.0875946   

Stress Spherical
0            0            0             0            0            0           
0            0            0             0            0            0           
0            0            0             0            0            0           

Inertia
149.929      -56.2413     -56.2322      0.157918     0.103691     0.118017    
-56.2413     149.946      -56.2085      0.103691     0.179547     0.115479    
-56.2322     -56.2085     150.004       0.118017     0.115479     0.195997    

Bond Length
0.61815572    0.0033734496

BB bond length
0.61815572    0.0033734496

Water EE distance
0             0           

PEG EE distance
7.5293512     0.22154352  

BBB P2(x)
0.51687869    0.011476157 

BBB first bond length
0.61795957    0.0033597975

BBB second bond length
0.61849008    0.0035110408

BBB <phi**2>/<phi>**2
1.230297      0.0080937638

Time = 28000
Temperature
1.0141768     0.0090453958

Pressure
23.322314     0.054613625 

CM Mom
-6.2393239e-17 1.1308335e-17 
-1.156711e-17  9.1530189e-18 
-4.1345215e-18 2.532207e-17  
6.920706e-17   1.0346729e-17 

CM Pos
7.502995       0.01250468    
7.5002141      0.019917665   
7.5097828      0.013261868   
12.997909      0.0080518239  

Stress
20.2334      0.0123264    0.0314675     0.0891696    0.061978     0.0825335   
0.0123264    20.3532      -0.0376716    0.061978     0.0970616    0.0749692   
0.0314675    -0.0376716   20.2626       0.0825335    0.0749692    0.107158    

Stress Spherical
0            0            0             0            0            0           
