Time = 1000
Temperature
   1.0245911    0.03629334

Pressure
   23.604258    0.13071938

CM Mom
1.7842752e-17  1.7403209e-17 
-7.6420626e-18 1.5565908e-17 
-3.8085214e-17 2.3710336e-17 
5.3035281e-17  1.1038866e-17 

CM Pos
7.5035677      0.018886516   
7.4896531      0.011895428   
7.5015684      0.010586338   
12.987392      0.015057548   

Stress
20.5247      -0.037348    -0.0268593    0.0883636    0.0574167    0.091257    
-0.037348    20.5404      -0.00649258   0.0574167    0.13994      0.072467    
-0.0268593   -0.00649258  20.5537       0.091257     0.072467     0.128077    

Stress Spherical
0            0            0             0            0            0           
0            0            0             0            0            0           
0            0            0             0            0            0           

Inertia
149.865      -56.1906     -56.2932      0.184519     0.154084     0.195959    
-56.1906     150.06       -56.2254      0.154084     0.380021     0.0926062   
-56.2932     -56.2254     149.891       0.195959     0.0926062    0.218728    

Bond Length
0.62193993    0.008949945 

BB bond length
0.62193993    0.008949945 

Water EE distance
0             0           

PEG EE distance
7.7175728     0.44051026  

BBB P2(x)
0.47722657    0.081657421 

BBB first bond length
0.62171436    0.0088196312

BBB second bond length
0.62216209    0.0092850773

BBB <phi**2>/<phi>**2
1.2033255     0.025009946 

Time = 2000
Temperature
1.0127663     0.0076655254

Pressure
23.54845      0.089959473 

CM Mom
-1.6907943e-17 1.1691989e-17 
-2.8646393e-17 1.2286208e-17 
-4.675969e-17  1.1467859e-17 
5.9614987e-17  1.2577031e-17 

CM Pos
7.5019332      0.013073247   
7.4948537      0.013276855   
7.5066204      0.013243554   
12.992361      0.015991144   

Stress
20.5515      0.00920196   -0.00295633   0.0990049    0.0817421    0.088831    
0.00920196   20.4977      -0.0109804    0.0817421    0.079851     0.0598486   
-0.00295633  -0.0109804   20.5082       0.088831     0.0598486    0.14333     

Stress Spherical
0            0            0             0            0            0           
0            0            0             0            0            0           
0            0            0             0            0            0           

Inertia
149.996      -56.2512     -56.3057      0.298162     0.182944     0.115704    
-56.2512     150.118      -56.2712      0.182944     0.292697     0.167708    
-56.3057     -56.2712     149.923       0.115704     0.167708     0.312754    

Bond Length
0.62211426    0.005349635 

BB bond length
0.62211426    0.005349635 

Water EE distance
0             0           

PEG EE distance
6.549755      0.66240895  

BBB P2(x)
0.499927      0.025130848 

BBB first bond length
0.62184159    0.0053778173

BBB second bond length
0.62171791    0.0055806878

BBB <phi**2>/<phi>**2
1.2169569     0.022775513 

