Time = 500
Temperature
    1.030597    0.03893664

Pressure
   23.031408    0.10356109

CM Mom
-5.8515375e-17 2.9544669e-17 
-2.4178727e-18 1.7905608e-17 
3.5329271e-17  2.5351473e-17 
7.6076736e-17  2.6955115e-17 

CM Pos
7.5168876      0.020705781   
7.4975671      0.010917834   
7.511204       0.031854182   
13.005254      0.015450059   

Stress
19.8895      0.0418052    0.0249655     0.096093     0.0848696    0.0617917   
0.0418052    19.9692      0.0251881     0.0848696    0.094384     0.0658306   
0.0249655    0.0251881    19.9731       0.0617917    0.0658306    0.0492261   

Stress Spherical
0            0            0             0            0            0           
0            0            0             0            0            0           
0            0            0             0            0            0           

Inertia
149.813      -56.316      -56.4884      0.516045     0.273763     0.143968    
-56.316      150.13       -56.3193      0.273763     0.387858     0.249503    
-56.4884     -56.3193     149.944       0.143968     0.249503     0.363576    

Bond Length
0.61284154    0.0035407962

BB bond length
0.61284154    0.0035407962

Water EE distance
0             0           

PEG EE distance
3.330822      0.11507363  

Time = 1000
Temperature
1.0048143     0.0047794425

Pressure
22.904457     0.05562491  

CM Mom
-3.5604878e-17 1.3624945e-17 
3.0416938e-17  1.2314868e-17 
1.1232896e-17  2.150756e-17  
5.4961162e-17  9.9104151e-18 

CM Pos
7.5302394      0.01286489    
7.5070618      0.0072919824  
7.4993358      0.01412398    
13.011565      0.010617033   

Stress
19.8644      -0.066077    0.00497069    0.0999529    0.07271      0.0987908   
-0.066077    19.9017      -0.0140802    0.07271      0.0561474    0.0622321   
0.00497069   -0.0140802   19.9164       0.0987908    0.0622321    0.0865174   

Stress Spherical
0            0            0             0            0            0           
0            0            0             0            0            0           
0            0            0             0            0            0           

Inertia
149.877      -56.517      -56.5366      0.184776     0.141527     0.0867982   
-56.517      150.214      -56.2973      0.141527     0.189398     0.0751082   
-56.5366     -56.2973     150.302       0.0867982    0.0751082    0.260143    

Bond Length
0.61311615    0.0064792926

BB bond length
0.61311615    0.0064792926

Water EE distance
0             0           

PEG EE distance
3.7680019     0.08224816  

