Time = 500
Temperature
    1.036384   0.031980489

Pressure
   23.343228    0.12482556

CM Mom
-2.1110029e-18 1.8652596e-17 
-5.3396858e-17 1.9430814e-17 
-1.96899e-18   2.2764485e-17 
6.2207682e-17  1.5279387e-17 

CM Pos
7.4977109      0.021028678   
7.4932267      0.010367161   
7.5086592      0.01321891    
12.990173      0.014628706   

Stress
20.243       -0.0333241   -0.0342229    0.0392072    0.0558655    0.0620573   
-0.0333241   20.2376      -0.0128503    0.0558655    0.111397     0.0349706   
-0.0342229   -0.0128503   20.2226       0.0620573    0.0349706    0.0331784   

Stress Spherical
0            0            0             0            0            0           
0            0            0             0            0            0           
0            0            0             0            0            0           

Inertia
149.899      -56.2677     -56.3275      0.118228     0.128246     0.268116    
-56.2677     149.874      -56.3034      0.128246     0.468876     0.0538394   
-56.3275     -56.3034     149.715       0.268116     0.0538394    0.267129    

Bond Length
0.61756128    0.0069502181

BB bond length
0.61756128    0.0069502181

Water EE distance
0             0           

PEG EE distance
3.6731892     0.25266601  

Time = 1000
Temperature
1.0086719     0.0085355678

Pressure
23.216488     0.086524865 

CM Mom
8.2641651e-18  1.5393734e-17 
-9.4121394e-17 1.920613e-17  
2.5222372e-19  2.1630402e-17 
9.8212649e-17  1.8846463e-17 

CM Pos
7.5101566      0.0054155473  
7.4929304      0.010725184   
7.5033253      0.0085164606  
12.994096      0.00616595    

Stress
20.2195      0.0123522    0.00430675    0.0802406    0.0721799    0.0463171   
0.0123522    20.1894      -0.0428226    0.0721799    0.172289     0.066776    
0.00430675   -0.0428226   20.1634       0.0463171    0.066776     0.0537208   

Stress Spherical
0            0            0             0            0            0           
0            0            0             0            0            0           
0            0            0             0            0            0           

Inertia
149.876      -56.3044     -56.3606      0.128624     0.175263     0.115685    
-56.3044     150.035      -56.1967      0.175263     0.0677478    0.0645722   
-56.3606     -56.1967     149.959       0.115685     0.0645722    0.306448    

Bond Length
0.619941      0.0072016054

BB bond length
0.619941      0.0072016054

Water EE distance
0             0           

PEG EE distance
3.9122731     0.38576284  

