Time = 500
Temperature
   1.0406816   0.040250822

Pressure
    23.09205    0.16998585

CM Mom
-6.2175742e-17 8.7832433e-18 
-1.8341574e-17 1.5671897e-17 
3.0415565e-17  2.6878144e-17 
7.8152199e-17  8.047675e-18  

CM Pos
7.5208681      0.012211917   
7.5079655      0.018467451   
7.5149952      0.023411633   
13.015727      0.0067876657  

Stress
19.8855      0.0236796    -0.0161368    0.0995577    0.0725435    0.066467    
0.0236796    20.036       0.0469523     0.0725435    0.109696     0.0645748   
-0.0161368   0.0469523    20.0014       0.066467     0.0645748    0.145295    

Stress Spherical
0            0            0             0            0            0           
0            0            0             0            0            0           
0            0            0             0            0            0           

Inertia
150.112      -56.4503     -56.5012      0.17632      0.185735     0.154943    
-56.4503     150.305      -56.4416      0.185735     0.17211      0.133448    
-56.5012     -56.4416     150.15        0.154943     0.133448     0.591078    

Bond Length
0.6130212     0.0033127862

BB bond length
0.6130212     0.0033127862

Water EE distance
0             0           

PEG EE distance
3.4435018     0.1121166   

Time = 1000
Temperature
1.0133327     0.0078203035

Pressure
22.916153     0.02189602  

CM Mom
-5.9653488e-17 8.7155332e-18 
-2.7298244e-17 8.5773358e-18 
9.0675717e-18  7.0837244e-18 
6.732866e-17   7.2467593e-18 

CM Pos
7.5131537      0.0097326987  
7.4996577      0.013616213   
7.5215227      0.0048753862  
13.010221      0.010070728   

Stress
19.9712      -0.0206739   0.000993397   0.0739264    0.0449583    0.0318809   
-0.0206739   19.8457      -0.0134142    0.0449583    0.0752212    0.0491591   
0.000993397  -0.0134142   19.8242       0.0318809    0.0491591    0.0591671   

Stress Spherical
0            0            0             0            0            0           
0            0            0             0            0            0           
0            0            0             0            0            0           

Inertia
150.097      -56.3855     -56.5932      0.273487     0.103383     0.0734249   
-56.3855     150.331      -56.4268      0.103383     0.122656     0.0842961   
-56.5932     -56.4268     149.909       0.0734249    0.0842961    0.333746    

Bond Length
0.61718805    0.0042453214

BB bond length
0.61718805    0.0042453214

Water EE distance
0             0           

PEG EE distance
3.8846875     0.23318921  

