Time = 1000
Temperature
   1.1767498    0.27819567

Pressure
   23.851475     1.2165643

CM Mom
1.1282743e-18  1.9556627e-17 
7.8861058e-19  2.0596268e-17 
-2.9749185e-17 2.4274779e-16 
1.4962695e-16  1.9552965e-16 

CM Pos
7.5111572      0.011231037   
7.5044964      0.017996167   
7.5005206      0.014530346   
12.999742      0.011773552   

Stress
20.3416      0.0473959    -0.0311851    0.405172     0.063038     0.0590984   
0.0473959    20.3533      -0.0327419    0.063038     0.433225     0.0781134   
-0.0311851   -0.0327419   20.2928       0.0590984    0.0781134    0.384074    

Stress Spherical
0            0            0             0            0            0           
0            0            0             0            0            0           
0            0            0             0            0            0           

Inertia
150.27       -56.3799     -56.307       1.65661      0.193907     0.205869    
-56.3799     150.361      -56.3131      0.193907     1.32595      0.219823    
-56.307      -56.3131     150.471       0.205869     0.219823     1.67198     

Bond Length
0.61904334    0.0097840525

BB bond length
0.61904334    0.0097840525

Water EE distance
0             0           

PEG EE distance
6.7835587     0.13524266  

BBB P2(x)
0.46446914    0.060306644 

BBB first bond length
0.61916297    0.0098193248

BBB second bond length
0.61897498    0.0097892562

BBB <phi**2>/<phi>**2
1.2176223     0.014413081 

Time = 2000
Temperature
1.0132551     0.010438887 

Pressure
23.026895     0.068150782 

CM Mom
-1.3165765e-17 1.8550978e-17 
3.604708e-17   1.8768212e-17 
1.6852267e-17  2.6878737e-17 
5.3387913e-17  1.8036353e-17 

CM Pos
7.492448       0.0097016806  
7.5006358      0.0084792862  
7.5008175      0.01456369    
12.986873      0.0094815702  

Stress
20.0114      0.0503917    -0.0248836    0.136289     0.0700188    0.0717391   
0.0503917    19.984       0.0206618     0.0700188    0.110766     0.0627117   
-0.0248836   0.0206618    19.9867       0.0717391    0.0627117    0.0881769   

Stress Spherical
0            0            0             0            0            0           
0            0            0             0            0            0           
0            0            0             0            0            0           

Inertia
149.914      -56.2127     -56.1654      0.362023     0.0993765    0.123351    
-56.2127     149.78       -56.2611      0.0993765    0.37152      0.115879    
-56.1654     -56.2611     149.804       0.123351     0.115879     0.401628    

Bond Length
0.6165203     0.0017548881

BB bond length
0.6165203     0.0017548881

Water EE distance
0             0           

PEG EE distance
7.1407002     0.075492751 

BBB P2(x)
0.50980159    0.0093784248

BBB first bond length
0.61639153    0.0018130323

BBB second bond length
0.61654545    0.002062899 

BBB <phi**2>/<phi>**2
1.2247152     0.0043476774

