Time = 500
Temperature
    1.036739   0.040787604

Pressure
   23.065366    0.22293524

CM Mom
-2.2760066e-17 1.7334867e-17 
1.1700659e-17  9.7266541e-18 
2.0343291e-17  4.0413553e-17 
5.1105631e-17  2.2030678e-17 

CM Pos
7.4939726      0.022744062   
7.5075988      0.015491379   
7.5007564      0.017442712   
12.991765      0.011301363   

Stress
19.9298      -0.0320291   -0.00628176   0.0963392    0.0666416    0.0249084   
-0.0320291   19.9227      -0.0214743    0.0666416    0.160755     0.0198768   
-0.00628176  -0.0214743   20.0259       0.0249084    0.0198768    0.149921    

Stress Spherical
0            0            0             0            0            0           
0            0            0             0            0            0           
0            0            0             0            0            0           

Inertia
149.87       -56.2199     -56.1677      0.0651122    0.260382     0.135984    
-56.2199     149.631      -56.2996      0.260382     0.148297     0.0774528   
-56.1677     -56.2996     149.814       0.135984     0.0774528    0.680176    

Bond Length
0.61380426    0.0039515978

BB bond length
0.61380426    0.0039515978

Water EE distance
0             0           

PEG EE distance
3.6759522     0.10134274  

Time = 1000
Temperature
1.0127547     0.0079938825

Pressure
23.00605      0.098741978 

CM Mom
-2.5723113e-17 1.4446575e-17 
2.2010108e-18  2.748377e-17  
1.1254857e-17  1.7566899e-17 
4.5217869e-17  4.6039421e-18 

CM Pos
7.5061376      0.010590388   
7.5096757      0.012518063   
7.4918552      0.013453606   
12.994823      0.016160523   

Stress
20.022       0.0421159    0.0303325     0.178033     0.0627533    0.0754458   
0.0421159    19.9226      0.0154481     0.0627533    0.0742735    0.0166368   
0.0303325    0.0154481    19.9713       0.0754458    0.0166368    0.120495    

Stress Spherical
0            0            0             0            0            0           
0            0            0             0            0            0           
0            0            0             0            0            0           

Inertia
149.79       -56.39       -56.2276      0.355673     0.143402     0.205309    
-56.39       149.678      -56.1841      0.143402     0.345771     0.209644    
-56.2276     -56.1841     150.044       0.205309     0.209644     0.284407    

Bond Length
0.61973965    0.0070835164

BB bond length
0.61973965    0.0070835164

Water EE distance
0             0           

PEG EE distance
3.6491674     0.11208009  

