Time = 1000
Temperature
   1.1044838    0.13198438

Pressure
   23.820344    0.73313601

CM Mom
-2.7404586e-18 9.2621335e-18 
1.0563756e-16  2.4625371e-17 
-3.9866077e-18 2.111181e-16  
2.0986662e-16  1.1136313e-16 

CM Pos
7.4942966      0.023761153   
7.4932809      0.020306097   
7.5007732      0.022144178   
12.983706      0.013438119   

Stress
20.5001      -0.0517202   -0.0176162    0.354627     0.0391641    0.0770882   
-0.0517202   20.546       0.0482651     0.0391641    0.369537     0.0755796   
-0.0176162   0.0482651    20.4775       0.0770882    0.0755796    0.369631    

Stress Spherical
0            0            0             0            0            0           
0            0            0             0            0            0           
0            0            0             0            0            0           

Inertia
150.059      -56.2273     -56.2156      1.13848      0.217621     0.125958    
-56.2273     150.032      -56.2201      0.217621     1.25064      0.208825    
-56.2156     -56.2201     149.913       0.125958     0.208825     1.54418     

Bond Length
0.6195556     0.0070921143

BB bond length
0.6195556     0.0070921143

Water EE distance
0             0           

PEG EE distance
7.1383573     0.15682542  

BBB P2(x)
0.48076981    0.060699794 

BBB first bond length
0.6197844     0.0071552722

BBB second bond length
0.61962491    0.0070922992

BBB <phi**2>/<phi>**2
1.2217329     0.013692326 

Time = 2000
Temperature
1.0066582     0.0067395634

Pressure
23.26133      0.098328026 

CM Mom
-1.3753022e-17 2.0107367e-17 
6.9444878e-17  2.5584326e-17 
-3.826606e-18  5.9215505e-17 
9.2785366e-17  3.1346379e-17 

CM Pos
7.4982978      0.011378989   
7.4941701      0.010284144   
7.5024033      0.01155518    
12.987431      0.010171927   

Stress
20.296       -0.00145908  0.00680968    0.124033     0.0805225    0.0855335   
-0.00145908  20.2189      -0.0572298    0.0805225    0.139227     0.0919913   
0.00680968   -0.0572298   20.2119       0.0855335    0.0919913    0.109673    

Stress Spherical
0            0            0             0            0            0           
0            0            0             0            0            0           
0            0            0             0            0            0           

Inertia
149.841      -56.1785     -56.2631      0.340283     0.111213     0.127761    
-56.1785     149.882      -56.2045      0.111213     0.32581      0.124936    
-56.2631     -56.2045     149.752       0.127761     0.124936     0.40557     

Bond Length
0.61728109    0.0025456604

BB bond length
0.61728109    0.0025456604

Water EE distance
0             0           

PEG EE distance
7.1987466     0.10072366  

BBB P2(x)
0.51550849    0.0087158836

BBB first bond length
0.6172368     0.0023654619

BBB second bond length
0.61690123    0.0024867705

BBB <phi**2>/<phi>**2
1.2267751     0.0057061212

Time = 3000
Temperature
1.0112771     0.0087673132

Pressure
23.249568     0.057926472 

CM Mom
-1.2065257e-17 1.1878893e-17 
6.0816574e-17  1.7235535e-17 
-5.5497441e-18 3.1013723e-17 
7.1020318e-17  1.5204046e-17 

CM Pos
7.50467        0.0097051656  
7.499505       0.015769752   
7.5003286      0.010440969   
12.992995      0.011076232   

Stress
20.2185      -0.0221118   0.0471447     0.0505959    0.0855561    0.0774418   
-0.0221118   20.2074      -0.0174977    0.0855561    0.113475     0.0934565   
0.0471447    -0.0174977   20.224        0.0774418    0.0934565    0.0576771   

Stress Spherical
0            0            0             0            0            0           
0            0            0             0            0            0           
0            0            0             0            0            0           

Inertia
149.952      -56.2996     -56.2691      0.287794     0.165428     0.0991753   
-56.2996     150.007      -56.2461      0.165428     0.187869     0.14879     
-56.2691     -56.2461     149.974       0.0991753    0.14879      0.276675    

Bond Length
0.61770842    0.0017368697

BB bond length
0.61770842    0.0017368697

Water EE distance
0             0           

PEG EE distance
7.2658534     0.099728906 

BBB P2(x)
0.51672133    0.0062425548

BBB first bond length
0.61768993    0.001424049 

BBB second bond length
0.6176644     0.002045729 

BBB <phi**2>/<phi>**2
1.2291515     0.01020944  

Time = 4000
Temperature
1.0127228     0.010197843 

Pressure
23.238095     0.14334715  

CM Mom
-2.0748678e-17 8.0381096e-18 
4.3987185e-17  1.9638364e-17 
-1.0770161e-17 1.9369208e-17 
5.3753552e-17  2.0429754e-17 

CM Pos
7.5017062      0.0070589836  
7.4910581      0.015127934   
7.4989949      0.0086168297  
12.985635      0.010461118   

Stress
20.1663      -0.0182789   0.0262147     0.229708     0.0465529    0.0613256   
-0.0182789   20.1789      0.000259423   0.0465529    0.133293     0.0786406   
0.0262147    0.000259423  20.2572       0.0613256    0.0786406    0.0730557   

Stress Spherical
0            0            0             0            0            0           
0            0            0             0            0            0           
0            0            0             0            0            0           

Inertia
149.837      -56.2022     -56.2527      0.276872     0.147685     0.0928329   
-56.2022     149.975      -56.166       0.147685     0.123119     0.14084     
-56.2527     -56.166      149.852       0.0928329    0.14084      0.298403    

Bond Length
0.61891127    0.0017287318

BB bond length
0.61891127    0.0017287318

Water EE distance
0             0           

PEG EE distance
7.3967045     0.16448551  

BBB P2(x)
0.51850615    0.0098582274

BBB first bond length
0.61887795    0.0020738504

BBB second bond length
0.61907038    0.0016635291

BBB <phi**2>/<phi>**2
1.2304756     0.0064462597

Time = 5000
Temperature
1.0065301     0.0059601775

Pressure
23.273227     0.06021842  

CM Mom
-2.4948758e-17 1.3798469e-17 
7.1378061e-17  1.6499296e-17 
-2.6987787e-18 1.00796e-17   
7.7562424e-17  1.6518013e-17 

CM Pos
7.5055592      0.012434894   
7.4989122      0.010990217   
7.5003286      0.013357029   
12.993166      0.011258218   

Stress
20.2734      -0.0110934   0.00435464    0.124973     0.0986004    0.0605975   
-0.0110934   20.2215      -0.0229152    0.0986004    0.0795782    0.0852023   
0.00435464   -0.0229152   20.2688       0.0605975    0.0852023    0.101082    

Stress Spherical
0            0            0             0            0            0           
0            0            0             0            0            0           
0            0            0             0            0            0           

Inertia
149.998      -56.2788     -56.2736      0.263087     0.181878     0.114034    
-56.2788     150.064      -56.2492      0.181878     0.180042     0.170457    
-56.2736     -56.2492     150.042       0.114034     0.170457     0.277526    

Bond Length
0.61904168    0.0021115754

BB bond length
0.61904168    0.0021115754

Water EE distance
0             0           

PEG EE distance
7.5554066     0.1595292   

BBB P2(x)
0.52294333    0.011653211 

BBB first bond length
0.61919886    0.0018807319

BBB second bond length
0.61894319    0.001992367 

BBB <phi**2>/<phi>**2
1.2304644     0.0098804253

Time = 6000
Temperature
1.0093937     0.0080538382

Pressure
23.307877     0.11393069  

CM Mom
-1.993345e-17  1.1080505e-17 
9.0060563e-17  2.2776391e-17 
1.6424243e-17  1.4445615e-17 
9.588451e-17   2.0841817e-17 

CM Pos
7.4985942      0.0068873444  
7.5045435      0.012881632   
7.4985503      0.019873212   
12.99137       0.015784359   

Stress
20.277       0.00758122   -0.0162292    0.16014      0.0965298    0.0803387   
0.00758122   20.2503      0.0150802     0.0965298    0.145545     0.0878254   
-0.0162292   0.0150802    20.3145       0.0803387    0.0878254    0.103606    

Stress Spherical
0            0            0             0            0            0           
0            0            0             0            0            0           
0            0            0             0            0            0           

Inertia
150.052      -56.2394     -56.1893      0.405091     0.110881     0.223758    
-56.2394     149.936      -56.2707      0.110881     0.332566     0.208562    
-56.1893     -56.2707     150.032       0.223758     0.208562     0.199588    

Bond Length
0.61841789    0.002288613 

BB bond length
0.61841789    0.002288613 

Water EE distance
0             0           

PEG EE distance
7.2459756     0.12814314  

BBB P2(x)
0.51823622    0.0063623996

BBB first bond length
0.618411      0.0020795607

BBB second bond length
0.61837534    0.0023814318

BBB <phi**2>/<phi>**2
1.2259735     0.0044611099

Time = 7000
Temperature
1.0132208     0.0083025141

Pressure
23.257296     0.10180514  

CM Mom
-2.9819831e-17 1.7610335e-17 
1.0563768e-16  1.4343216e-17 
4.1337216e-18  2.1638137e-17 
1.1327168e-16  1.4805976e-17 

CM Pos
7.5006689      0.017028551   
7.5018761      0.012238188   
7.5003286      0.0085695509  
12.992058      0.007841011   

Stress
20.1568      -0.0145112   -0.00669687   0.131087     0.0648358    0.0642052   
-0.0145112   20.2397      -0.0448228    0.0648358    0.200356     0.0685875   
-0.00669687  -0.0448228   20.2591       0.0642052    0.0685875    0.148821    

Stress Spherical
0            0            0             0            0            0           
0            0            0             0            0            0           
0            0            0             0            0            0           

Inertia
150.033      -56.2868     -56.2369      0.188103     0.171292     0.0893635   
-56.2868     149.998      -56.2603      0.171292     0.198518     0.128052    
-56.2369     -56.2603     150.042       0.0893635    0.128052     0.273133    

Bond Length
0.6177369     0.0017938389

BB bond length
0.6177369     0.0017938389

Water EE distance
0             0           

PEG EE distance
7.3319979     0.087105218 

BBB P2(x)
0.51542284    0.0096734367

BBB first bond length
0.6177483     0.0017777957

BBB second bond length
0.61742166    0.0019538805

BBB <phi**2>/<phi>**2
1.229479      0.011128429 

Time = 8000
Temperature
1.0105539     0.0068624828

Pressure
23.266267     0.051577639 

CM Mom
-4.2342094e-17 2.4319191e-17 
9.3186116e-17  2.5104148e-17 
-4.3873662e-20 9.4309509e-18 
1.0630149e-16  2.2070005e-17 

CM Pos
7.4910364      0.012371152   
7.5008387      0.011149914   
7.4955865      0.013873183   
12.983161      0.0043541986  

Stress
20.2317      -0.0222888   0.0150067     0.115        0.0697043    0.0701879   
-0.0222888   20.2105      -0.0688805    0.0697043    0.0613639    0.0597056   
0.0150067    -0.0688805   20.2644       0.0701879    0.0597056    0.0914647   

Stress Spherical
0            0            0             0            0            0           
0            0            0             0            0            0           
0            0            0             0            0            0           

Inertia
149.952      -56.1953     -56.1578      0.268255     0.135988     0.0913247   
-56.1953     149.807      -56.2266      0.135988     0.184424     0.13884     
-56.1578     -56.2266     149.868       0.0913247    0.13884      0.142313    

Bond Length
0.61877163    0.0015195756

BB bond length
0.61877163    0.0015195756

Water EE distance
0             0           

PEG EE distance
7.1573715     0.07514403  

BBB P2(x)
0.51282119    0.0080390246

BBB first bond length
0.61854904    0.0015357149

BBB second bond length
0.61876151    0.0014000307

BBB <phi**2>/<phi>**2
1.2283827     0.0063981943

Time = 9000
Temperature
1.01009       0.006409287 

Pressure
23.253738     0.074143905 

CM Mom
-5.0680455e-17 2.6263453e-17 
9.9215077e-17  1.6715376e-17 
1.1732092e-18  1.9160759e-17 
1.1452786e-16  2.5163333e-17 

CM Pos
7.4925183      0.011992574   
7.4993568      0.010374502   
7.5040334      0.010613076   
12.988031      0.010274945   

Stress
20.1599      -0.0339401   -0.00543042   0.087141     0.0570951    0.086033    
-0.0339401   20.2144      0.00816836    0.0570951    0.116126     0.0381397   
-0.00543042  0.00816836   20.2988       0.086033     0.0381397    0.0900485   

Stress Spherical
0            0            0             0            0            0           
0            0            0             0            0            0           
0            0            0             0            0            0           

Inertia
150.065      -56.2009     -56.2779      0.229452     0.110442     0.131608    
-56.2009     149.953      -56.294       0.110442     0.282666     0.132872    
-56.2779     -56.294      149.869       0.131608     0.132872     0.219517    

Bond Length
0.61813716    0.0015422463

BB bond length
0.61813716    0.0015422463

Water EE distance
0             0           

PEG EE distance
7.4272656     0.06445992  

BBB P2(x)
0.51751159    0.0094221533

BBB first bond length
0.61808503    0.0017142864

BBB second bond length
0.61809688    0.0017022612

BBB <phi**2>/<phi>**2
1.2300766     0.0063404893

Time = 10000
Temperature
1.0089443     0.0089378268

Pressure
23.234312     0.078401851 

CM Mom
-7.0458085e-17 1.5988436e-17 
1.1659261e-16  1.9738161e-17 
-1.9644295e-17 2.6803407e-17 
1.4152501e-16  1.6685242e-17 

CM Pos
7.5028917      0.01357313    
7.4938737      0.01440134    
7.492178       0.01258237    
12.98402       0.0057240047  

Stress
20.2525      -0.00207773  0.00300417    0.119671     0.0977528    0.0504205   
-0.00207773  20.222       -0.030247     0.0977528    0.141477     0.056736    
0.00300417   -0.030247    20.1507       0.0504205    0.056736     0.106895    

Stress Spherical
0            0            0             0            0            0           
0            0            0             0            0            0           
0            0            0             0            0            0           

Inertia
149.776      -56.2209     -56.23        0.201908     0.113643     0.168867    
-56.2209     149.925      -56.1603      0.113643     0.327295     0.138091    
-56.23       -56.1603     149.932       0.168867     0.138091     0.0955107   

Bond Length
0.61790334    0.0025397191

BB bond length
0.61790334    0.0025397191

Water EE distance
0             0           

PEG EE distance
6.9826073     0.22888925  

BBB P2(x)
0.51476652    0.0086076498

BBB first bond length
0.61774052    0.0022785113

BBB second bond length
0.61794015    0.0025007079

BBB <phi**2>/<phi>**2
1.226999      0.0056515709

Time = 11000
Temperature
1.011193      0.0092695752

Pressure
23.283097     0.11239988  

CM Mom
-5.1205225e-17 2.6126568e-17 
1.2364695e-16  1.6685141e-17 
5.291575e-19   1.5318812e-17 
1.3730228e-16  1.5955057e-17 

CM Pos
7.505411       0.013108088   
7.4998014      0.0088220961  
7.49366        0.014973266   
12.989745      0.012470394   

Stress
20.2469      0.00328106   -0.00953994   0.127351     0.082574     0.0408123   
0.00328106   20.1833      0.00182735    0.082574     0.121163     0.073915    
-0.00953994  0.00182735   20.321        0.0408123    0.073915     0.144449    

Stress Spherical
0            0            0             0            0            0           
0            0            0             0            0            0           
0            0            0             0            0            0           

Inertia
149.907      -56.2742     -56.2614      0.211098     0.111064     0.145214    
-56.2742     149.989      -56.185       0.111064     0.280787     0.174986    
-56.2614     -56.185      150.068       0.145214     0.174986     0.242315    

Bond Length
0.61691547    0.0021831094

BB bond length
0.61691547    0.0021831094

Water EE distance
0             0           

PEG EE distance
7.2373975     0.13187007  

BBB P2(x)
0.51116385    0.010972204 

BBB first bond length
0.61694043    0.0020492566

BBB second bond length
0.61688689    0.0021421709

BBB <phi**2>/<phi>**2
1.2251269     0.0061095319

Time = 12000
Temperature
1.0063791     0.0063481107

Pressure
23.247178     0.076172898 

CM Mom
-5.9628146e-17 1.6643604e-17 
1.2720606e-16  1.5988887e-17 
-1.1290681e-17 1.5743816e-17 
1.4320043e-16  1.1770092e-17 

CM Pos
7.4994833      0.013291101   
7.4975785      0.01014764    
7.4992913      0.014050139   
12.988285      0.015124611   

Stress
20.2042      0.0376542    -0.0134811    0.0957205    0.0811777    0.077331    
0.0376542    20.2318      0.0153408     0.0811777    0.0873755    0.0919966   
-0.0134811   0.0153408    20.2508       0.077331     0.0919966    0.145299    

Stress Spherical
0            0            0             0            0            0           
0            0            0             0            0            0           
0            0            0             0            0            0           

Inertia
149.948      -56.2497     -56.2408      0.255042     0.12666      0.156421    
-56.2497     149.97       -56.245       0.12666      0.300884     0.201624    
-56.2408     -56.245      149.917       0.156421     0.201624     0.291387    

Bond Length
0.618628      0.0020111856

BB bond length
0.618628      0.0020111856

Water EE distance
0             0           

PEG EE distance
7.1755201     0.072713715 

BBB P2(x)
0.50218806    0.015172003 

BBB first bond length
0.61859099    0.0020764987

BBB second bond length
0.61843052    0.0019388667

BBB <phi**2>/<phi>**2
1.2256408     0.0099574998

Time = 13000
Temperature
1.0082491     0.0069179314

Pressure
23.267274     0.093663759 

CM Mom
-7.4792529e-17 3.2099397e-17 
1.3063856e-16  1.9302557e-17 
-1.2738992e-17 1.9082999e-17 
1.5554804e-16  1.9863712e-17 

CM Pos
7.4990387      0.013598993   
7.4977267      0.018339927   
7.5012178      0.018847793   
12.989245      0.011913298   

Stress
20.2834      0.0208246    0.0243533     0.151225     0.0643158    0.034236    
0.0208246    20.2404      0.00455953    0.0643158    0.108239     0.0760114   
0.0243533    0.00455953   20.2065       0.034236     0.0760114    0.154624    

Stress Spherical
0            0            0             0            0            0           
0            0            0             0            0            0           
0            0            0             0            0            0           

Inertia
149.942      -56.2188     -56.2735      0.239074     0.252024     0.11873     
-56.2188     149.985      -56.2724      0.252024     0.210101     0.162778    
-56.2735     -56.2724     149.923       0.11873      0.162778     0.44202     

Bond Length
0.61867726    0.0016705362

BB bond length
0.61867726    0.0016705362

Water EE distance
0             0           

PEG EE distance
7.0441582     0.13502693  

BBB P2(x)
0.50703573    0.0090135927

BBB first bond length
0.61853509    0.0014005702

BBB second bond length
0.61868636    0.0019340158

BBB <phi**2>/<phi>**2
1.2254943     0.010156485 

Time = 14000
Temperature
1.0093737     0.0080236054

Pressure
23.341582     0.080140373 

CM Mom
-5.9881242e-17 1.55834e-17   
1.3163168e-16  1.9229501e-17 
2.5869419e-17  1.8683523e-17 
1.4886839e-16  1.9539219e-17 

CM Pos
7.4944448      0.020489126   
7.4984677      0.012076516   
7.5032924      0.014583183   
12.988215      0.012700067   

Stress
20.351       0.0234788    -0.059753     0.0874072    0.0956339    0.0529238   
0.0234788    20.3042      0.00684502    0.0956339    0.103651     0.0707525   
-0.059753    0.00684502   20.2879       0.0529238    0.0707525    0.113235    

Stress Spherical
0            0            0             0            0            0           
0            0            0             0            0            0           
0            0            0             0            0            0           

Inertia
150.023      -56.2451     -56.2225      0.276479     0.120513     0.215286    
-56.2451     149.947      -56.2731      0.120513     0.33747      0.15768     
-56.2225     -56.2731     149.89        0.215286     0.15768      0.275617    

Bond Length
0.61734582    0.001657604 

BB bond length
0.61734582    0.001657604 

Water EE distance
0             0           

PEG EE distance
7.2039878     0.27701413  

BBB P2(x)
0.5149125     0.0098967512

BBB first bond length
0.61718379    0.001743195 

BBB second bond length
0.61722595    0.0016012646

BBB <phi**2>/<phi>**2
1.2273957     0.01012457  

Time = 15000
Temperature
1.0131107     0.0080196494

Pressure
23.278481     0.057167643 

CM Mom
-6.5491587e-17 1.4428811e-17 
1.2193697e-16  1.2661959e-17 
1.420684e-18   1.605442e-17  
1.4023415e-16  1.0974256e-17 

CM Pos
7.497705       0.011463592   
7.4972821      0.01113809    
7.5000322      0.011766113   
12.987515      0.012792944   

Stress
20.2276      0.000539353  -0.00232357   0.0702324    0.0752637    0.0746139   
0.000539353  20.199       -0.00967888   0.0752637    0.0883127    0.0746586   
-0.00232357  -0.00967888  20.2935       0.0746139    0.0746586    0.0772493   

Stress Spherical
0            0            0             0            0            0           
0            0            0             0            0            0           
0            0            0             0            0            0           

Inertia
149.954      -56.2354     -56.2304      0.218206     0.15694      0.143693    
-56.2354     149.949      -56.2279      0.15694      0.294949     0.158988    
-56.2304     -56.2279     149.911       0.143693     0.158988     0.28867     

Bond Length
0.61768016    0.0017882328

BB bond length
0.61768016    0.0017882328

Water EE distance
0             0           

PEG EE distance
7.6764829     0.16624975  

BBB P2(x)
0.51147571    0.0093428614

BBB first bond length
0.617589      0.0020548558

BBB second bond length
0.61755107    0.0018119667

BBB <phi**2>/<phi>**2
1.2235809     0.0079426922

Time = 16000
Temperature
1.0056899     0.0096312659

Pressure
23.22614      0.091689995 

CM Mom
-6.1863783e-17 1.7499793e-17 
1.3945244e-16  2.609053e-17  
1.6508836e-18  1.6602887e-17 
1.5509457e-16  2.2025522e-17 

CM Pos
7.5003725      0.01002462    
7.5051363      0.0087871767  
7.4972166      0.0077924225  
12.991963      0.0075730268  

Stress
20.2295      0.0202371    -0.00943016   0.0983853    0.0511318    0.0773519   
0.0202371    20.1839      0.0392588     0.0511318    0.153028     0.062556    
-0.00943016  0.0392588    20.2165       0.0773519    0.062556     0.121576    

Stress Spherical
0            0            0             0            0            0           
0            0            0             0            0            0           
0            0            0             0            0            0           

Inertia
150.028      -56.3148     -56.2065      0.159212     0.133733     0.0940425   
-56.3148     149.966      -56.2953      0.133733     0.16112      0.086959    
-56.2065     -56.2953     150.079       0.0940425    0.086959     0.237108    

Bond Length
0.61930668    0.0022098481

BB bond length
0.61930668    0.0022098481

Water EE distance
0             0           

PEG EE distance
7.543132      0.31210494  

BBB P2(x)
0.51146993    0.012002871 

BBB first bond length
0.61931499    0.0022678559

BBB second bond length
0.6193083     0.0020720301

BBB <phi**2>/<phi>**2
1.2242403     0.0088374174

Time = 17000
Temperature
1.0107983     0.008233426 

Pressure
23.293157     0.085726578 

CM Mom
-3.3868274e-17 1.7584303e-17 
1.7902929e-16  2.0635317e-17 
-2.7547176e-18 5.6329996e-18 
1.8320686e-16  2.0202338e-17 

CM Pos
7.4971123      0.010930106   
7.4968376      0.013936358   
7.4951419      0.016280231   
12.98409       0.020159711   

Stress
20.2881      0.0431572    -0.0386891    0.0780527    0.0706581    0.0750994   
0.0431572    20.2211      -0.00764825   0.0706581    0.11373      0.0754695   
-0.0386891   -0.00764825  20.2758       0.0750994    0.0754695    0.101188    

Stress Spherical
0            0            0             0            0            0           
0            0            0             0            0            0           
0            0            0             0            0            0           

Inertia
149.885      -56.1667     -56.1859      0.48811      0.208919     0.200416    
-56.1667     149.867      -56.1949      0.208919     0.399518     0.209554    
-56.1859     -56.1949     149.918       0.200416     0.209554     0.363596    

Bond Length
0.61800197    0.0020452526

BB bond length
0.61800197    0.0020452526

Water EE distance
0             0           

PEG EE distance
7.1479995     0.071054929 

BBB P2(x)
0.50930631    0.0092265236

BBB first bond length
0.61779592    0.0021828947

BBB second bond length
0.61782592    0.0020414688

BBB <phi**2>/<phi>**2
1.2248382     0.003934375 

Time = 18000
Temperature
1.0119058     0.0055122809

Pressure
23.24132      0.09310093  

CM Mom
-3.725532e-17  1.1735358e-17 
1.8843724e-16  1.23176e-17   
8.1736633e-18  3.2370559e-17 
1.95273e-16    1.3004309e-17 

CM Pos
7.502299       0.015332687   
7.4972821      0.012909731   
7.5003286      0.0095856323  
12.99034       0.014986458   

Stress
20.2414      0.0378991    -0.0076264    0.125626     0.0987928    0.076578    
0.0378991    20.1496      0.0327324     0.0987928    0.118879     0.0694297   
-0.0076264   0.0327324    20.2285       0.076578     0.0694297    0.108103    

Stress Spherical
0            0            0             0            0            0           
0            0            0             0            0            0           
0            0            0             0            0            0           

Inertia
149.979      -56.2359     -56.2612      0.331982     0.177029     0.13317     
-56.2359     150.033      -56.2         0.177029     0.262906     0.156698    
-56.2612     -56.2        149.981       0.13317      0.156698     0.358951    

Bond Length
0.61885521    0.002342712 

BB bond length
0.61885521    0.002342712 

Water EE distance
0             0           

PEG EE distance
7.1746888     0.18873423  

BBB P2(x)
0.51171591    0.009152557 

BBB first bond length
0.61868414    0.0027290927

BBB second bond length
0.61908997    0.0023938958

BBB <phi**2>/<phi>**2
1.2243025     0.007638901 

Time = 19000
Temperature
1.0102468     0.0076479256

Pressure
23.260065     0.089457161 

CM Mom
-2.7593791e-17 2.0197244e-17 
1.6328406e-16  1.9057468e-17 
1.2475202e-18  1.2130153e-17 
1.6716375e-16  1.9979836e-17 

CM Pos
7.5033363      0.012710007   
7.4972821      0.007854179   
7.5031443      0.013374282   
12.992565      0.010692      

Stress
20.1904      -0.0186132   0.0228053     0.148439     0.0782085    0.0504307   
-0.0186132   20.2942      0.00516412    0.0782085    0.132497     0.0761415   
0.0228053    0.00516412   20.206        0.0504307    0.0761415    0.118026    

Stress Spherical
0            0            0             0            0            0           
0            0            0             0            0            0           
0            0            0             0            0            0           

Inertia
150.011      -56.2733     -56.3355      0.265387     0.114444     0.186864    
-56.2733     150.098      -56.3018      0.114444     0.274031     0.159493    
-56.3355     -56.3018     149.998       0.186864     0.159493     0.231656    

Bond Length
0.61849883    0.001322274 

BB bond length
0.61849883    0.001322274 

Water EE distance
0             0           

PEG EE distance
7.6072426     0.16040996  

BBB P2(x)
0.51498037    0.011014323 

BBB first bond length
0.61857727    0.0011786846

BBB second bond length
0.61858692    0.0014374278

BBB <phi**2>/<phi>**2
1.2268722     0.010707858 

Time = 20000
Temperature
1.0117917     0.0082836347

Pressure
23.232895     0.044080901 

CM Mom
-5.6345848e-17 2.0373997e-17 
1.4973094e-16  2.2368886e-17 
-1.1146652e-18 1.2013838e-17 
1.6137461e-16  2.4768617e-17 

CM Pos
7.5018544      0.015426217   
7.5008387      0.011537111   
7.4970684      0.016610737   
12.990256      0.018444858   

Stress
20.1938      -0.0252082   -0.0532266    0.0845059    0.059325     0.0521552   
-0.0252082   20.2028      -0.00855679   0.059325     0.0539881    0.0557635   
-0.0532266   -0.00855679  20.1986       0.0521552    0.0557635    0.110801    

Stress Spherical
0            0            0             0            0            0           
0            0            0             0            0            0           
0            0            0             0            0            0           

Inertia
149.977      -56.2443     -56.2126      0.3367       0.187348     0.151469    
-56.2443     149.969      -56.2         0.187348     0.4059       0.200486    
-56.2126     -56.2        150.034       0.151469     0.200486     0.331796    

Bond Length
0.61788737    0.0017692597

BB bond length
0.61788737    0.0017692597

Water EE distance
0             0           

PEG EE distance
7.6102433     0.13238627  

BBB P2(x)
0.51569181    0.01039407  

BBB first bond length
0.61798898    0.0019317227

BBB second bond length
0.6176556     0.0016261994

BBB <phi**2>/<phi>**2
1.2285841     0.0085764139

Time = 21000
Temperature
1.0144546     0.0035036536

Pressure
23.270517     0.091040033 

CM Mom
-6.0707987e-17 8.6807433e-18 
1.5693444e-16  7.8933523e-18 
-2.9362174e-17 2.7191655e-17 
1.7321186e-16  7.1215553e-18 

CM Pos
7.4982978      0.0098923054  
7.4999496      0.013155749   
7.4970684      0.020791298   
12.987695      0.015278761   

Stress
20.2365      0.0131656    -0.0153794    0.127796     0.0526377    0.068923    
0.0131656    20.1895      -0.024033     0.0526377    0.139771     0.0695592   
-0.0153794   -0.024033    20.2581       0.068923     0.0695592    0.120088    

Stress Spherical
0            0            0             0            0            0           
0            0            0             0            0            0           
0            0            0             0            0            0           

Inertia
149.971      -56.2331     -56.1893      0.389798     0.15946      0.128679    
-56.2331     149.934      -56.2258      0.15946      0.320325     0.198988    
-56.1893     -56.2258     149.98        0.128679     0.198988     0.283014    

Bond Length
0.61974141    0.0014472234

BB bond length
0.61974141    0.0014472234

Water EE distance
0             0           

PEG EE distance
7.5063481     0.099041674 

BBB P2(x)
0.50477685    0.0069914319

BBB first bond length
0.61986209    0.0014018949

BBB second bond length
0.61984964    0.0013195883

BBB <phi**2>/<phi>**2
1.2245812     0.0076563029

Time = 22000
Temperature
1.0137318     0.0086846041

Pressure
23.223066     0.054388671 

CM Mom
-3.1109443e-17 1.2063522e-17 
1.4466024e-16  9.6369994e-18 
-4.5596526e-17 2.1559165e-17 
1.5644417e-16  1.4207211e-17 

CM Pos
7.5077821      0.016485992   
7.504099       0.0099244432  
7.4992913      0.015842694   
12.996847      0.016199665   

Stress
20.1424      0.0193757    -0.0249977    0.11415      0.0457467    0.0553884   
0.0193757    20.1632      -0.000677302  0.0457467    0.0779766    0.0954638   
-0.0249977   -0.000677302 20.2427       0.0553884    0.0954638    0.0645333   

Stress Spherical
0            0            0             0            0            0           
0            0            0             0            0            0           
0            0            0             0            0            0           

Inertia
150.063      -56.3489     -56.3174      0.26844      0.193889     0.217781    
-56.3489     150.1        -56.2586      0.193889     0.400925     0.130938    
-56.3174     -56.2586     150.188       0.217781     0.130938     0.323443    

Bond Length
0.61846617    0.0021484644

BB bond length
0.61846617    0.0021484644

Water EE distance
0             0           

PEG EE distance
7.6043048     0.064057811 

BBB P2(x)
0.51545813    0.0079352833

BBB first bond length
0.61856682    0.0022321844

BBB second bond length
0.61851734    0.0020583098

BBB <phi**2>/<phi>**2
1.2258502     0.0094378111

Time = 23000
Temperature
1.0057589     0.0086392784

Pressure
23.227413     0.072470957 

CM Mom
-5.0443743e-17 1.5201057e-17 
1.4184876e-16  1.1133536e-17 
-2.8048432e-17 1.0566338e-17 
1.5426565e-16  1.1006441e-17 

CM Pos
7.5031881      0.013112276   
7.5012833      0.01680788    
7.4992913      0.0094529807  
12.99257       0.011005094   

Stress
20.2299      -0.0222137   -0.00141921   0.073311     0.0520538    0.0769787   
-0.0222137   20.1588      0.0040667     0.0520538    0.138785     0.074426    
-0.00141921  0.0040667    20.2444       0.0769787    0.074426     0.112954    

Stress Spherical
0            0            0             0            0            0           
0            0            0             0            0            0           
0            0            0             0            0            0           

Inertia
150.004      -56.2587     -56.3029      0.332777     0.154207     0.123175    
-56.2587     150.023      -56.2806      0.154207     0.208356     0.172876    
-56.3029     -56.2806     150.058       0.123175     0.172876     0.314596    

Bond Length
0.61955983    0.0012165307

BB bond length
0.61955983    0.0012165307

Water EE distance
0             0           

PEG EE distance
7.3082659     0.11446919  

BBB P2(x)
0.51051906    0.010469384 

BBB first bond length
0.61948922    0.0013048639

BBB second bond length
0.61955933    0.0011929626

BBB <phi**2>/<phi>**2
1.2237686     0.0068105746

Time = 24000
Temperature
1.0073825     0.0054641263

Pressure
23.237548     0.091938294 

CM Mom
-4.282563e-17  2.1102684e-17 
1.5176421e-16  1.4980701e-17 
-1.885361e-17  1.7443518e-17 
1.6100036e-16  1.6576314e-17 

CM Pos
7.5068929      0.014386083   
7.4996532      0.011329668   
7.4976611      0.010516417   
12.992826      0.0084064009  

Stress
20.1893      -0.00492245  -0.0168917    0.0984284    0.094352     0.0992247   
-0.00492245  20.2036      0.00665286    0.094352     0.111505     0.0651191   
-0.0168917   0.00665286   20.256        0.0992247    0.0651191    0.0896768   

Stress Spherical
0            0            0             0            0            0           
0            0            0             0            0            0           
0            0            0             0            0            0           

Inertia
149.945      -56.3248     -56.3024      0.174227     0.121662     0.185209    
-56.3248     150.067      -56.2666      0.121662     0.266357     0.111242    
-56.3024     -56.2666     150.097       0.185209     0.111242     0.176374    

Bond Length
0.61705241    0.002327318 

BB bond length
0.61705241    0.002327318 

Water EE distance
0             0           

PEG EE distance
7.0326285     0.16333923  

BBB P2(x)
0.50196698    0.0080146724

BBB first bond length
0.61723109    0.0023558654

BBB second bond length
0.61700526    0.0024579117

BBB <phi**2>/<phi>**2
1.2249275     0.0080804803

Time = 25000
Temperature
1.0113743     0.0088048024

Pressure
23.280638     0.065870342 

CM Mom
-5.2105458e-18 1.9414062e-17 
1.5390607e-16  1.5992081e-17 
3.1575326e-18  1.8098675e-17 
1.5630534e-16  1.5907571e-17 

CM Pos
7.5018544      0.0087370498  
7.504099       0.0094715478  
7.4972166      0.016304494   
12.992217      0.017569378   

Stress
20.2478      -0.00573817  0.0320043     0.098545     0.113986     0.0533512   
-0.00573817  20.204       -0.0384664    0.113986     0.110328     0.0572741   
0.0320043    -0.0384664   20.2904       0.0533512    0.0572741    0.0898787   

Stress Spherical
0            0            0             0            0            0           
0            0            0             0            0            0           
0            0            0             0            0            0           

Inertia
150.001      -56.2969     -56.226       0.402764     0.129432     0.199175    
-56.2969     149.956      -56.2692      0.129432     0.348889     0.196549    
-56.226      -56.2692     150.092       0.199175     0.196549     0.222382    

Bond Length
0.61792873    0.0022428875

BB bond length
0.61792873    0.0022428875

Water EE distance
0             0           

PEG EE distance
7.219647      0.21631227  

BBB P2(x)
0.49752982    0.0098593939

BBB first bond length
0.61792127    0.0023551227

BBB second bond length
0.61786189    0.0023239419

BBB <phi**2>/<phi>**2
1.2235221     0.0075226487

Time = 26000
Temperature
1.013188      0.0059307426

Pressure
23.219484     0.065396932 

CM Mom
-1.5904203e-17 1.7036969e-17 
1.4966293e-16  1.5355346e-17 
1.4423604e-17  2.9123579e-17 
1.5428589e-16  2.0738156e-17 

CM Pos
7.5060038      0.013353741   
7.5018761      0.012609394   
7.4969202      0.01707813    
12.993169      0.015731564   

Stress
20.1186      0.0585064    -0.00422059   0.108943     0.0662094    0.0585032   
0.0585064    20.1823      -0.00453236   0.0662094    0.127445     0.0690566   
-0.00422059  -0.00453236  20.2415       0.0585032    0.0690566    0.108834    

Stress Spherical
0            0            0             0            0            0           
0            0            0             0            0            0           
0            0            0             0            0            0           

Inertia
149.984      -56.3285     -56.2861      0.320734     0.192088     0.20941     
-56.3285     150.039      -56.2536      0.192088     0.309515     0.196914    
-56.2861     -56.2536     150.106       0.20941      0.196914     0.345132    

Bond Length
0.61784136    0.002536207 

BB bond length
0.61784136    0.002536207 

Water EE distance
0             0           

PEG EE distance
7.4100177     0.20404135  

BBB P2(x)
0.5100619     0.013946054 

BBB first bond length
0.6179988     0.0024674608

BBB second bond length
0.61790131    0.0026241793

BBB <phi**2>/<phi>**2
1.220671      0.0062713064

Time = 27000
Temperature
1.0109081     0.0054578043

Pressure
23.301901     0.063829197 

CM Mom
-3.2735236e-18 1.6635643e-17 
1.4569538e-16  2.0075648e-17 
3.6134897e-17  2.4758781e-17 
1.5284977e-16  2.1755768e-17 

CM Pos
7.5045219      0.014789538   
7.5039508      0.0089211126  
7.4985503      0.015853087   
12.994453      0.011168737   

Stress
20.2799      0.0212003    0.015623      0.116401     0.104106     0.0537152   
0.0212003    20.2336      -0.00647242   0.104106     0.0829491    0.0749248   
0.015623     -0.00647242  20.2968       0.0537152    0.0749248    0.124778    

Stress Spherical
0            0            0             0            0            0           
0            0            0             0            0            0           
0            0            0             0            0            0           

Inertia
150.026      -56.2689     -56.2724      0.287263     0.18376      0.119778    
-56.2689     150.016      -56.2586      0.18376      0.247165     0.135577    
-56.2724     -56.2586     150.103       0.119778     0.135577     0.302999    

Bond Length
0.6180267     0.0016162663

BB bond length
0.6180267     0.0016162663

Water EE distance
0             0           

PEG EE distance
7.0196644     0.14787014  

BBB P2(x)
0.51005768    0.011315539 

BBB first bond length
0.61810157    0.0019110711

BBB second bond length
0.61785772    0.0018224401

BBB <phi**2>/<phi>**2
1.2276123     0.0086819701

Time = 28000
Temperature
1.0071239     0.0076445203

Pressure
23.209729     0.1001557   

CM Mom
1.7908338e-17  5.1003518e-17 
1.2296389e-16  2.764122e-17  
4.7729883e-17  1.3430745e-17 
1.440076e-16   2.2946921e-17 

CM Pos
7.4994833      0.012455188   
7.5017279      0.0080475246  
7.4932154      0.014008657   
12.987173      0.014245374   

Stress
20.2386      -0.0306679   0.0134637     0.147895     0.0627531    0.0692298   
-0.0306679   20.1478      -0.0381132    0.0627531    0.0985748    0.0995451   
0.0134637    -0.0381132   20.1813       0.0692298    0.0995451    0.115053    

Stress Spherical
0            0            0             0            0            0           
