Time = 500
Temperature
   1.0307341   0.039399686

Pressure
   23.283364   0.081371921

CM Mom
-1.6550669e-17 6.5912857e-18 
1.8536661e-18  1.066479e-17  
-5.03065e-17   1.9895002e-17 
5.4787551e-17  1.895845e-17  

CM Pos
7.49396        0.029399326   
7.4981628      0.019390278   
7.4937826      0.019184843   
12.982297      0.01549096    

Stress
20.1489      0.0400219    0.0279133     0.101269     0.0609566    0.0428319   
0.0400219    20.1945      0.00482533    0.0609566    0.0604429    0.0280977   
0.0279133    0.00482533   20.2438       0.0428319    0.0280977    0.155324    

Stress Spherical
0            0            0             0            0            0           
0            0            0             0            0            0           
0            0            0             0            0            0           

Inertia
149.706      -56.1664     -56.2039      0.193604     0.0830585    0.332289    
-56.1664     149.652      -56.18        0.0830585    0.593006     0.111209    
-56.2039     -56.18       149.695       0.332289     0.111209     0.131472    

Bond Length
0.6163514     0.0024158011

BB bond length
0.6163514     0.0024158011

Water EE distance
0             0           

PEG EE distance
3.6862053     0.39848214  

Time = 1000
Temperature
1.0126577     0.0031533271

Pressure
23.204106     0.12422746  

CM Mom
-1.6956982e-17 1.1705502e-17 
1.6225069e-18  1.3471135e-17 
-2.808447e-17  9.230548e-18  
3.6889312e-17  1.1035449e-17 

CM Pos
7.4892122      0.013513706   
7.4901509      0.017843675   
7.4813197      0.026300914   
12.967718      0.016753246   

Stress
20.2138      0.0507285    0.00542733    0.109003     0.102622     0.060188    
0.0507285    20.2227      0.041843      0.102622     0.108636     0.0369835   
0.00542733   0.041843     20.0753       0.060188     0.0369835    0.226602    

Stress Spherical
0            0            0             0            0            0           
0            0            0             0            0            0           
0            0            0             0            0            0           

Inertia
149.438      -56.0804     -56.0762      0.316322     0.135136     0.334665    
-56.0804     149.429      -56.0568      0.135136     0.455303     0.13711     
-56.0762     -56.0568     149.548       0.334665     0.13711      0.322974    

Bond Length
0.61711194    0.011140893 

BB bond length
0.61711194    0.011140893 

Water EE distance
0             0           

PEG EE distance
3.096951      0.26691605  

