Time = 500
Temperature
   1.0342197   0.006167726

Pressure
   23.775631    0.02415248

CM Mom
-9.9494672e-17 1.0407708e-17 
7.1246236e-17  1.9815634e-17 
-1.2651245e-16 1.9633959e-16 
2.4047278e-16  1.1047024e-16 

CM Pos
24.991944      0.023589154   
25.003473      0.011068031   
24.998033      0.0059204201  
43.297497      0.0085908423  

Stress
20.6684      -0.00562634  -0.000878472  0.00511879   0.00952652   0.0164644   
-0.00562634  20.6827      -0.00739343   0.00952652   0.013738     0.010155    
-0.000878472 -0.00739343  20.6683       0.0164644    0.010155     0.010789    

Stress Spherical
0            0            0             0            0            0           
0            0            0             0            0            0           
0            0            0             0            0            0           

Inertia
1667.34      -624.845     -624.843      3.31172      0.35817      0.577064    
-624.845     1666.66      -625.099      0.35817      1.68668      0.41435     
-624.843     -625.099     1667.03       0.577064     0.41435      2.26048     

Bond Length
0.62827065    0.0011407262

BB bond length
0.62827065    0.0011407262

Water EE distance
0             0           

PEG EE distance
8.4474031     0.92751219  

BBB P2(x)
0.096855715   0.010226698 

BBB first bond length
0.62841055    0.0012020692

BBB second bond length
0.62843548    0.0012135329

BBB <phi**2>/<phi>**2
1.1235399     0.0034030328

Time = 1000
Temperature
1.0294286     0.0013377224

Pressure
23.758797     0.0099095811

CM Mom
-9.4732537e-17 1.3226647e-17 
9.1386125e-17  3.1912445e-17 
3.4984841e-17  2.4556842e-16 
2.6397315e-16  1.0180859e-16 

CM Pos
25.003171      0.020120379   
25.005153      0.010706337   
24.997793      0.0118409     
43.30481       0.0047533867  

Stress
20.6723      0.00292955   0.000376121   0.012505     0.00581625   0.00409172  
0.00292955   20.6712      0.00395472    0.00581625   0.0125369    0.00574341  
0.000376121  0.00395472   20.6684       0.00409172   0.00574341   0.0148467   

Stress Spherical
0            0            0             0            0            0           
0            0            0             0            0            0           
0            0            0             0            0            0           

Inertia
1665.91      -625.18      -625.057      2.95777      0.296131     0.541219    
-625.18      1665.77      -625.077      0.296131     1.72571      0.45594     
-625.057     -625.077     1666.05       0.541219     0.45594      1.85875     

Bond Length
0.62698736    0.000117046 

BB bond length
0.62698736    0.000117046 

Water EE distance
0             0           

PEG EE distance
6.853848      0.19970538  

BBB P2(x)
0.083640298   0.00515301  

BBB first bond length
0.62708319    6.4424321e-05

BBB second bond length
0.6271686     0.00022804554

BBB <phi**2>/<phi>**2
1.1201437     0.0021084525

Time = 1500
Temperature
1.0304341     0.00074430279

Pressure
23.754918     0.0055302018

CM Mom
-7.9014106e-17 1.5268342e-17 
6.3993774e-17  4.5852671e-17 
-4.1125041e-18 1.5157556e-16 
1.8653418e-16  2.9514161e-17 

CM Pos
24.997331      0.010403262   
24.997739      0.0050914268  
25.00526       0.011566851   
43.301464      0.0052928358  

Stress
20.6726      0.00210328   0.00574532    0.00283449   0.00443824   0.0100011   
0.00210328   20.6656      -0.00089885   0.00443824   0.0102639    0.00190314  
0.00574532   -0.00089885  20.6531       0.0100011    0.00190314   0.0119259   

Stress Spherical
0            0            0             0            0            0           
0            0            0             0            0            0           
0            0            0             0            0            0           

Inertia
1666.68      -624.861     -625.066      2.55711      0.332512     0.198052    
-624.861     1666.63      -625.008      0.332512     2.14032      0.337482    
-625.066     -625.008     1666.27       0.198052     0.337482     2.01159     

Bond Length
0.62748604    0.00068572315

BB bond length
0.62748604    0.00068572315

Water EE distance
0             0           

PEG EE distance
6.4272778     0.10654918  

BBB P2(x)
0.084203989   0.0029646726

BBB first bond length
0.62760453    0.00074405605

BBB second bond length
0.62755546    0.00065599862

BBB <phi**2>/<phi>**2
1.1212948     0.0017325893

Time = 2000
Temperature
1.0299955     0.00094861217

Pressure
23.753169     0.0091313071

CM Mom
-6.5940463e-17 1.1657178e-17 
7.0716204e-17  2.0165505e-17 
-6.7402834e-18 1.8778941e-16 
1.8716492e-16  1.0085163e-16 

CM Pos
25.000158      0.0070594228  
24.999232      0.0044786393  
25.001553      0.0096276346  
43.301816      0.0055817216  

Stress
20.6611      0.00065994   -0.00361187   0.0148725    0.0070457    0.0104027   
0.00065994   20.6642      -0.00749845   0.0070457    0.00896073   0.00724633  
-0.00361187  -0.00749845  20.6647       0.0104027    0.00724633   0.0102      

Stress Spherical
0            0            0             0            0            0           
0            0            0             0            0            0           
0            0            0             0            0            0           

Inertia
1666.51      -624.968     -625.054      2.28178      0.285684     0.190534    
-624.968     1666.55      -625.047      0.285684     2.03829      0.392792    
-625.054     -625.047     1666.52       0.190534     0.392792     1.98759     

Bond Length
0.62702719    0.0012896316

BB bond length
0.62702719    0.0012896316

Water EE distance
0             0           

PEG EE distance
6.2736507     0.078223255 

BBB P2(x)
0.080967903   0.00421887  

BBB first bond length
0.62720825    0.0013732503

BBB second bond length
0.62719293    0.0013307481

BBB <phi**2>/<phi>**2
1.1197687     0.0023669905

Time = 2500
Temperature
1.0286506     0.0012561251

Pressure
23.753954     0.012896005 

CM Mom
-7.1388574e-17 1.8284954e-17 
7.7470432e-17  2.4430522e-17 
4.5558415e-17  7.9860423e-17 
1.4053487e-16  2.7062743e-17 

CM Pos
24.997864      0.0071448393  
24.996219      0.0075854457  
24.995846      0.0093592965  
43.295458      0.0047468868  

Stress
20.6658      0.00234257   0.000836989   0.0164073    0.00285321   0.00309823  
0.00234257   20.6761      -0.00275528   0.00285321   0.0185747    0.00622389  
0.000836989  -0.00275528  20.6625       0.00309823   0.00622389   0.0149366   

Stress Spherical
0            0            0             0            0            0           
0            0            0             0            0            0           
0            0            0             0            0            0           

Inertia
1665.54      -624.855     -624.856      2.11899      0.112527     0.241494    
-624.855     1665.61      -624.859      0.112527     1.59187      0.413367    
-624.856     -624.859     1665.53       0.241494     0.413367     1.68214     

Bond Length
0.62671265    0.001417797 

BB bond length
0.62671265    0.001417797 

Water EE distance
0             0           

PEG EE distance
6.1417098     0.0560085   

BBB P2(x)
0.084161193   0.004512523 

BBB first bond length
0.62685255    0.0014998972

BBB second bond length
0.62673837    0.0014933042

BBB <phi**2>/<phi>**2
1.1204092     0.0023225494

Time = 3000
Temperature
1.0286756     0.0014267124

Pressure
23.738518     0.0068624459

CM Mom
-7.2494131e-17 1.5912207e-17 
8.0547238e-17  2.2351186e-17 
2.2112796e-17  6.6136327e-17 
1.2818974e-16  3.0437002e-17 

CM Pos
24.999864      0.0057537446  
24.999232      0.0061187848  
24.998673      0.010395876   
43.299984      0.0059368588  

Stress
20.6629      0.00387008   0.00496407    0.011384     0.00717672   0.00412225  
0.00387008   20.6521      -0.0030444    0.00717672   0.009014     0.00582194  
0.00496407   -0.0030444   20.6429       0.00412225   0.00582194   0.0118936   

Stress Spherical
0            0            0             0            0            0           
0            0            0             0            0            0           
0            0            0             0            0            0           

Inertia
1666.68      -624.991     -624.973      1.94638      0.0814477    0.312701    
-624.991     1666.64      -624.906      0.0814477    1.49511      0.329025    
-624.973     -624.906     1666.79       0.312701     0.329025     1.43513     

Bond Length
0.62783377    0.00087578037

BB bond length
0.62783377    0.00087578037

Water EE distance
0             0           

PEG EE distance
6.3038301     0.056206041 

BBB P2(x)
0.08346469    0.005814015 

BBB first bond length
0.62789179    0.00096020648

BBB second bond length
0.62786306    0.00099098384

BBB <phi**2>/<phi>**2
1.1210306     0.0029765075

Time = 3500
Temperature
1.0291832     0.00082071996

Pressure
23.738017     0.0070487562

CM Mom
-6.190129e-17  2.015753e-17  
6.927589e-17   2.2540126e-17 
4.2224957e-17  6.1602252e-17 
1.1688891e-16  3.8210855e-17 

CM Pos
25.002264      0.0066845822  
24.998166      0.0087287971  
24.9947        0.0073060635  
43.29846       0.0067246778  

Stress
20.6521      -0.00536444  -0.00185615   0.0068597    0.0125122    0.00425994  
-0.00536444  20.6354      -4.0635e-05   0.0125122    0.0109362    0.00723239  
-0.00185615  -4.0635e-05  20.6644       0.00425994   0.00723239   0.015341    

Stress Spherical
0            0            0             0            0            0           
0            0            0             0            0            0           
0            0            0             0            0            0           

Inertia
1665.73      -625.068     -624.957      1.93673      0.0412315    0.201591    
-625.068     1665.93      -624.888      0.0412315    1.24662      0.328223    
-624.957     -624.888     1666.13       0.201591     0.328223     1.63711     

Bond Length
0.62716749    0.00074407162

BB bond length
0.62716749    0.00074407162

Water EE distance
0             0           

PEG EE distance
6.2220035     0.042085086 

BBB P2(x)
0.082666758   0.0043920112

BBB first bond length
0.6273517     0.00074582276

BBB second bond length
0.62731595    0.00071424187

BBB <phi**2>/<phi>**2
1.1201941     0.0016324643

Time = 4000
Temperature
1.0285337     0.00074167323

Pressure
23.744004     0.013880044 

CM Mom
-7.0001621e-17 2.7216242e-17 
8.707574e-17   4.7127646e-17 
-6.0303635e-18 7.8088087e-17 
1.4337859e-16  3.195066e-17  

CM Pos
24.998238      0.0089309595  
24.998219      0.0064779684  
25.002273      0.0056391351  
43.300539      0.0043638572  

Stress
20.6577      -0.00244344  -0.00217129   0.0172132    0.00944645   0.0039158   
-0.00244344  20.658       0.00808304    0.00944645   0.0155526    0.00598442  
-0.00217129  0.00808304   20.6599       0.0039158    0.00598442   0.0136467   

Stress Spherical
0            0            0             0            0            0           
0            0            0             0            0            0           
0            0            0             0            0            0           

Inertia
1666.4       -624.94      -625.076      1.63347      0.122041     0.126057    
-624.94      1666.36      -624.985      0.122041     1.03049      0.31138     
-625.076     -624.985     1666.16       0.126057     0.31138      1.33174     

Bond Length
0.62809705    0.0012104831

BB bond length
0.62809705    0.0012104831

Water EE distance
0             0           

PEG EE distance
6.1890839     0.064292038 

BBB P2(x)
0.082525696   0.0044580204

BBB first bond length
0.62815917    0.0010763812

BBB second bond length
0.6280642     0.0011021778

BBB <phi**2>/<phi>**2
1.1196092     0.0015336142

Time = 4500
Temperature
1.0288653     0.0010337472

Pressure
23.744587     0.0085204332

CM Mom
-9.3417596e-17 1.1067963e-17 
7.2828814e-17  3.2514869e-17 
-1.2313197e-17 2.7547063e-17 
1.2415791e-16  2.656817e-17  

CM Pos
25.002318      0.0034365547  
24.997926      0.0055335976  
25.0023        0.0087199117  
43.30274       0.0056209746  

Stress
20.6568      0.00527771   0.000516081   0.0155297    0.0107509    0.008818    
0.00527771   20.6638      -0.00454418   0.0107509    0.0139349    0.00573509  
0.000516081  -0.00454418  20.6538       0.008818     0.00573509   0.00648007  

Stress Spherical
0            0            0             0            0            0           
0            0            0             0            0            0           
0            0            0             0            0            0           

Inertia
1666.6       -625.012     -625.051      1.44306      0.205278     0.176508    
-625.012     1666.74      -625.068      0.205278     1.06499      0.331543    
-625.051     -625.068     1666.62       0.176508     0.331543     1.0473      

Bond Length
0.62777892    0.0004568386

BB bond length
0.62777892    0.0004568386

Water EE distance
0             0           

PEG EE distance
6.2011085     0.050807262 

BBB P2(x)
0.082927714   0.0026245304

BBB first bond length
0.62788084    0.00053321056

BBB second bond length
0.62784325    0.00048221793

BBB <phi**2>/<phi>**2
1.1208564     0.0012375043

Time = 5000
Temperature
1.0286223     0.0014220379

Pressure
23.755764     0.0044171409

CM Mom
-8.7396374e-17 2.325026e-17  
9.3470712e-17  3.7536412e-17 
-2.6320665e-17 7.9978811e-17 
1.5234882e-16  4.6943387e-17 

CM Pos
24.999544      0.0044083774  
24.999446      0.0028615666  
24.996673      0.0073733091  
43.298767      0.0046943322  

Stress
20.6645      -0.000957214 0.0022578     0.00959892   0.011539     0.00382681  
-0.000957214 20.6793      -0.00235558   0.011539     0.00719895   0.0110545   
0.0022578    -0.00235558  20.6664       0.00382681   0.0110545    0.00703697  

Stress Spherical
0            0            0             0            0            0           
0            0            0             0            0            0           
0            0            0             0            0            0           

Inertia
1665.93      -624.938     -624.827      1.00712      0.156931     0.267615    
-624.938     1665.92      -624.872      0.156931     0.959715     0.25689     
-624.827     -624.872     1666.05       0.267615     0.25689      0.819702    

Bond Length
0.62709516    0.00047187904

BB bond length
0.62709516    0.00047187904

Water EE distance
0             0           

PEG EE distance
6.2855524     0.028309645 

BBB P2(x)
0.084451718   0.0029346818

BBB first bond length
0.62705079    0.00055412223

BBB second bond length
0.62720702    0.00047725295

BBB <phi**2>/<phi>**2
1.121077      0.0013283299

Time = 5500
Temperature
1.0294095     0.00082243952

Pressure
23.748866     0.014121399 

CM Mom
-8.6237731e-17 1.6692266e-17 
1.0551018e-16  3.6328744e-17 
-1.4815804e-17 2.8603792e-17 
1.4398755e-16  2.1749089e-17 

CM Pos
24.999144      0.0062123318  
24.998752      0.0039026528  
25.002833      0.010622645   
43.301693      0.009216708   

Stress
20.654       0.00144261   -0.00388035   0.0156131    0.00522166   0.00908017  
0.00144261   20.6639      -0.00119142   0.00522166   0.0112928    0.0114625   
-0.00388035  -0.00119142  20.6645       0.00908017   0.0114625    0.0203822   

Stress Spherical
0            0            0             0            0            0           
0            0            0             0            0            0           
0            0            0             0            0            0           

Inertia
1666.63      -624.995     -625.035      1.25449      0.266548     0.234973    
-624.995     1666.6       -625.025      0.266548     1.17589      0.326456    
-625.035     -625.025     1666.46       0.234973     0.326456     1.0282      

Bond Length
0.627721      0.001374422 

BB bond length
0.627721      0.001374422 

Water EE distance
0             0           

PEG EE distance
6.2238625     0.072384366 

BBB P2(x)
0.078640647   0.004918827 

BBB first bond length
0.62785129    0.0012886078

BBB second bond length
0.62779942    0.0014662539

BBB <phi**2>/<phi>**2
1.1194143     0.0025170679

Time = 6000
Temperature
1.0280599     0.0011801883

Pressure
23.74279      0.014155412 

CM Mom
-8.0460607e-17 1.8970718e-17 
7.4768457e-17  3.2450669e-17 
-3.3747072e-17 2.4182667e-17 
1.2226913e-16  1.5845878e-17 

CM Pos
25.000051      0.0058223069  
25.001633      0.004071919   
25.0011        0.0093237432  
43.302879      0.003897917   

Stress
20.6666      0.00141024   -0.00513783   0.0145757    0.00679128   0.012335    
0.00141024   20.655       -0.00137784   0.00679128   0.01463      0.00614361  
-0.00513783  -0.00137784  20.6546       0.012335     0.00614361   0.0188165   

Stress Spherical
0            0            0             0            0            0           
0            0            0             0            0            0           
0            0            0             0            0            0           

Inertia
1666.44      -625.015     -624.991      1.16963      0.100006     0.109207    
-625.015     1666.35      -625.092      0.100006     0.809189     0.262942    
-624.991     -625.092     1666.39       0.109207     0.262942     0.673575    

Bond Length
0.62758455    0.0013483057

BB bond length
0.62758455    0.0013483057

Water EE distance
0             0           

PEG EE distance
6.2344808     0.049476741 

BBB P2(x)
0.085641792   0.005178086 

BBB first bond length
0.62778888    0.001278628 

BBB second bond length
0.6277785     0.0014911248

BBB <phi**2>/<phi>**2
1.1212861     0.0023557727

Time = 6500
Temperature
1.0281525     0.00055692568

Pressure
23.739172     0.0078074597

CM Mom
-9.6223005e-17 1.8773424e-17 
1.0317288e-16  2.4669827e-17 
-1.217624e-17  2.885411e-17  
1.4525509e-16  2.7319084e-17 

CM Pos
24.998931      0.001676059   
25.001899      0.0038594068  
24.997847      0.0053515742  
43.300507      0.0027705075  

Stress
20.6543      -0.0118724   -0.000654028  0.00641804   0.00355032   0.00472352  
-0.0118724   20.6545      0.00591876    0.00355032   0.0111905    0.00910416  
-0.000654028 0.00591876   20.6558       0.00472352   0.00910416   0.0114725   

Stress Spherical
0            0            0             0            0            0           
0            0            0             0            0            0           
0            0            0             0            0            0           

Inertia
1666.34      -624.985     -624.835      0.635209     0.130092     0.163552    
-624.985     1666.16      -625.041      0.130092     0.596841     0.098983    
-624.835     -625.041     1666.36       0.163552     0.098983     0.397915    

Bond Length
0.62708582    0.00076078503

BB bond length
0.62708582    0.00076078503

Water EE distance
0             0           

PEG EE distance
6.2143651     0.071065139 

BBB P2(x)
0.084308006   0.0052550493

BBB first bond length
0.62712224    0.0008487107

BBB second bond length
0.62714673    0.00080961178

BBB <phi**2>/<phi>**2
1.1200909     0.0018288077

Time = 7000
Temperature
1.0291083     0.0013800104

Pressure
23.740068     0.0050195743

CM Mom
-9.3310772e-17 3.1232807e-17 
8.2814754e-17  2.755377e-17  
-1.2611026e-17 1.7506376e-17 
1.3240234e-16  1.5330158e-17 

CM Pos
24.998424      0.0062242262  
24.998059      0.0031106845  
24.99918       0.0072642819  
43.298767      0.0086445157  

Stress
20.6519      -0.00910642  0.00271335    0.0154903    0.012006     0.00424124  
-0.00910642  20.6495      -0.000881176  0.012006     0.0126043    0.0049251   
0.00271335   -0.000881176 20.6573       0.00424124   0.0049251    0.00900774  

Stress Spherical
0            0            0             0            0            0           
0            0            0             0            0            0           
0            0            0             0            0            0           

Inertia
1666.43      -624.867     -624.906      0.821004     0.183199     0.325312    
-624.867     1666.34      -624.875      0.183199     0.886947     0.235857    
-624.906     -624.875     1666.4        0.325312     0.235857     0.775016    

Bond Length
0.62747931    0.00053656555

BB bond length
0.62747931    0.00053656555

Water EE distance
0             0           

PEG EE distance
6.1753216     0.038565909 

BBB P2(x)
0.082937841   0.0076700326

BBB first bond length
0.6276488     0.00061063416

BBB second bond length
0.62769649    0.00051857333

BBB <phi**2>/<phi>**2
1.1197006     0.0025275758

Time = 7500
Temperature
1.028282      0.0018417869

Pressure
23.74315      0.0054370406

CM Mom
-7.2959294e-17 1.9203226e-17 
9.1580394e-17  3.2995992e-17 
-1.0632908e-17 1.5578628e-17 
1.2178599e-16  2.629549e-17  

CM Pos
24.997624      0.0036811526  
24.996886      0.0017212754  
24.999713      0.0093941855  
43.297936      0.0045054153  

Stress
20.654       1.67084e-05  0.00283034    0.00508021   0.0063422    0.00766262  
1.67084e-05  20.6651      -0.00509403   0.0063422    0.00645754   0.00701747  
0.00283034   -0.00509403  20.6563       0.00766262   0.00701747   0.00928478  

Stress Spherical
0            0            0             0            0            0           
0            0            0             0            0            0           
0            0            0             0            0            0           

Inertia
1666.13      -624.801     -624.842      0.745589     0.112159     0.218912    
-624.801     1666.14      -624.991      0.112159     0.591169     0.230021    
-624.842     -624.991     1666.02       0.218912     0.230021     0.477731    

Bond Length
0.62716408    0.00096984213

BB bond length
0.62716408    0.00096984213

Water EE distance
0             0           

PEG EE distance
6.2480772     0.061395961 

BBB P2(x)
0.083026086   0.0052928402

BBB first bond length
0.62735064    0.00090363873

BBB second bond length
0.62725912    0.0010232496

BBB <phi**2>/<phi>**2
1.1199637     0.0014993372

Time = 8000
Temperature
1.0292359     0.00068169477

Pressure
23.739218     0.011891303 

CM Mom
-1.0028143e-16 3.5521444e-17 
6.2963287e-17  2.4970953e-17 
-1.120109e-18  1.4283284e-17 
1.217839e-16   3.5777236e-17 

CM Pos
24.999198      0.007453222   
24.996086      0.0044914833  
25.002353      0.0081065511  
43.299907      0.0046205509  

Stress
20.6533      -0.00139306  -0.00258456   0.013541     0.00616244   0.0103966   
-0.00139306  20.6519      -0.000706039  0.00616244   0.0171176    0.00723393  
-0.00258456  -0.000706039 20.6497       0.0103966    0.00723393   0.0127245   

Stress Spherical
0            0            0             0            0            0           
0            0            0             0            0            0           
0            0            0             0            0            0           

Inertia
1666.41      -624.937     -624.99       0.676279     0.233644     0.111162    
-624.937     1666.53      -625.061      0.233644     0.588871     0.261347    
-624.99      -625.061     1666.24       0.111162     0.261347     0.676937    

Bond Length
0.62743692    0.00083845009

BB bond length
0.62743692    0.00083845009

Water EE distance
0             0           

PEG EE distance
6.3202629     0.052834687 

BBB P2(x)
0.083349377   0.0049610339

BBB first bond length
0.62762876    0.00093930729

BBB second bond length
0.62760963    0.00078370543

BBB <phi**2>/<phi>**2
1.1202234     0.0027006134

Time = 8500
Temperature
1.0293304     0.0013767427

Pressure
23.743201     0.01843332  

CM Mom
-8.4209976e-17 3.2455342e-17 
9.9226074e-17  2.8289474e-17 
-8.4678188e-18 1.3439543e-17 
1.3636637e-16  2.1149815e-17 

CM Pos
25.001651      0.0049437355  
24.998646      0.0061541327  
24.998113      0.0098013582  
43.300353      0.0079190113  

Stress
20.665       0.00376855   -0.00152879   0.0137228    0.00992642   0.0122786   
0.00376855   20.6543      -0.00516633   0.00992642   0.0181603    0.00559615  
-0.00152879  -0.00516633  20.6468       0.0122786    0.00559615   0.022549    

Stress Spherical
0            0            0             0            0            0           
0            0            0             0            0            0           
0            0            0             0            0            0           

Inertia
1666.24      -625.088     -624.951      1.08174      0.268466     0.188112    
-625.088     1666.33      -624.953      0.268466     0.653118     0.378388    
-624.951     -624.953     1666.43       0.188112     0.378388     0.604935    

Bond Length
0.62840214    0.00072965243

BB bond length
0.62840214    0.00072965243

Water EE distance
0             0           

PEG EE distance
6.1872772     0.12112166  

BBB P2(x)
0.084543824   0.0035402172

BBB first bond length
0.62855002    0.00068349134

BBB second bond length
0.62851783    0.00068904271

BBB <phi**2>/<phi>**2
1.1208702     0.0020889066

Time = 9000
Temperature
1.0291758     0.00068106883

Pressure
23.744263     0.0024578382

CM Mom
-1.0155866e-16 5.4402318e-17 
6.9548753e-17  2.3501869e-17 
-1.1673447e-17 1.6922111e-17 
1.3427357e-16  3.2501936e-17 

CM Pos
25.000904      0.0049936887  
24.996806      0.0037921134  
24.998353      0.0045307385  
43.298998      0.0032823348  

Stress
20.6535      -0.00125905  0.00975375    0.00569364   0.00916366   0.01008     
-0.00125905  20.6579      0.00303127    0.00916366   0.0108033    0.00888381  
0.00975375   0.00303127   20.6593       0.01008      0.00888381   0.00995478  

Stress Spherical
0            0            0             0            0            0           
0            0            0             0            0            0           
0            0            0             0            0            0           

Inertia
1666.14      -625.015     -625.005      0.688358     0.204741     0.110395    
-625.015     1666.34      -624.919      0.204741     0.290339     0.197161    
-625.005     -624.919     1666.27       0.110395     0.197161     0.421595    

Bond Length
0.62706024    0.00094707626

BB bond length
0.62706024    0.00094707626

Water EE distance
0             0           

PEG EE distance
6.069649      0.028924302 

BBB P2(x)
0.085135905   0.0039837996

BBB first bond length
0.62721999    0.00097842117

BBB second bond length
0.62728821    0.00098531575

BBB <phi**2>/<phi>**2
1.1213323     0.00262834  

Time = 9500
Temperature
1.0282697     0.0011337033

Pressure
23.7534       0.013427205 

CM Mom
-9.4734298e-17 1.7166139e-17 
8.4939622e-17  9.923132e-18  
4.76258e-18    1.3654335e-17 
1.2905514e-16  1.1677523e-17 

CM Pos
24.998664      0.0034923905  
25.004699      0.0076288245  
25.00326       0.0020337752  
43.305095      0.0058842609  

Stress
20.6691      0.00412174   0.00990259    0.0138088    0.0115905    0.0111714   
0.00412174   20.6715      0.000337926   0.0115905    0.0210617    0.0140782   
0.00990259   0.000337926  20.6656       0.0111714    0.0140782    0.0165487   

Stress Spherical
0            0            0             0            0            0           
0            0            0             0            0            0           
0            0            0             0            0            0           

Inertia
1666.92      -625.12      -625.082      0.599353     0.300259     0.178183    
-625.12      1666.53      -625.229      0.300259     0.312798     0.15103     
-625.082     -625.229     1666.67       0.178183     0.15103      0.683056    

Bond Length
0.62731243    0.00079322497

BB bond length
0.62731243    0.00079322497

Water EE distance
0             0           

PEG EE distance
6.1803145     0.064530854 

BBB P2(x)
0.081716432   0.0029425392

BBB first bond length
0.62734978    0.00071520888

BBB second bond length
0.62756192    0.0007982193

BBB <phi**2>/<phi>**2
1.1190734     0.001616011 

Time = 10000
Temperature
1.0298548     0.0014998338

Pressure
23.749739     0.010325965 

CM Mom
-7.0118489e-17 2.8348667e-17 
1.0252507e-16  1.2590326e-17 
-1.8541768e-17 2.9867118e-17 
1.3042547e-16  2.4803117e-17 

CM Pos
25.001758      0.0066996728  
25.000566      0.007798469   
25.00134       0.0060091276  
43.303387      0.005793979   

Stress
20.6598      -0.00159189  -0.00461865   0.0122543    0.00549032   0.0143571   
-0.00159189  20.6654      0.00260265    0.00549032   0.00592419   0.00953022  
-0.00461865  0.00260265   20.6558       0.0143571    0.00953022   0.012408    

Stress Spherical
0            0            0             0            0            0           
0            0            0             0            0            0           
0            0            0             0            0            0           

Inertia
1666.45      -625.079     -625.01       0.356767     0.358881     0.159524    
-625.079     1666.51      -625.052      0.358881     0.327032     0.153184    
-625.01      -625.052     1666.48       0.159524     0.153184     0.822394    

Bond Length
0.62827644    0.00069081468

BB bond length
0.62827644    0.00069081468

Water EE distance
0             0           

PEG EE distance
6.1863409     0.060587298 

BBB P2(x)
0.082673003   0.0066496771

BBB first bond length
0.62834043    0.00078305258

BBB second bond length
0.62838697    0.00079053348

BBB <phi**2>/<phi>**2
1.1211105     0.001499637 

